<GMM>
<DimNum> 13 </DimNum>
<MixNum> 13 </MixNum>
<Prior> 0.065793 0.0247503 0.0247162 0.0593035 0.0496494 0.0592143 0.0494192 0.0725108 0.0445513 0.0115321 0.0528986 0.0672835 0.418378 </Prior>
<Mean>
-13.1805 53.8565 -21.5206 -1.09482 -4.40736 6.06211 -14.1905 3.37839 15.8671 -27.4282 4.08837 14.8482 -4.27675 
-29.9203 53.9614 -12.9952 2.81002 -9.05492 1.44301 -11.6399 8.14558 13.9275 -30.5707 4.16215 17.0759 -3.91884 
-17.0399 54.0808 -19.9509 -0.24547 -5.02786 4.94828 -14.1478 4.62904 15.9891 -28.1824 3.41578 15.2901 -3.45518 
-0.982933 51.5245 -25.9621 -1.82355 -2.9152 9.01963 -14.7756 -1.31202 17.4009 -24.5471 4.61971 12.5886 -6.37845 
-24.1422 53.9097 -15.4418 1.60592 -8.09225 2.56168 -12.128 7.13891 14.4766 -30.0362 4.25281 16.6711 -4.2849 
-11.4506 53.689 -22.2876 -1.36796 -3.98037 6.5011 -14.4286 2.78853 16.0904 -26.9795 4.11302 14.4445 -4.42194 
-17.3755 54.0665 -19.256 -0.338969 -5.93027 4.96377 -13.096 4.76224 14.8623 -28.5689 4.60648 15.9302 -4.58717 
-14.8343 53.9822 -20.7311 -0.819537 -4.88291 5.65073 -13.8874 3.91004 15.5821 -27.8381 4.1649 15.2233 -4.26402 
-7.05545 53.1545 -24.1671 -2.02168 -3.00447 7.73791 -14.8861 1.0424 16.5084 -25.6429 4.45647 13.2642 -5.20965 
21.28 39.8024 -28.5839 6.75632 -10.6478 11.653 -10.8808 -8.56816 22.312 -25.5954 4.20353 14.3255 -9.10568 
-8.96028 53.3044 -23.2068 -1.62317 -3.56347 7.02042 -14.6169 2.00665 16.3662 -26.4492 4.1904 13.9627 -4.66646 
-19.6182 54.0681 -17.9503 0.200339 -6.77906 4.25855 -12.5573 5.53393 14.456 -29.142 4.77265 16.3748 -4.71307 
-16.3095 54.0508 -19.9307 -0.549758 -5.42137 5.26434 -13.5003 4.39179 15.228 -28.2336 4.35109 15.5966 -4.38148 
</Mean>
<Variance>
0.465506 0.0300651 0.0722632 0.0166041 0.022605 0.0265477 0.00722202 0.0548645 0.0121093 0.0173557 0.00179733 0.0123307 0.00658144 
4.11092 0.0300651 0.60307 0.162314 0.0387428 0.0683905 0.0140797 0.0548645 0.0606108 0.0173557 0.00439368 0.0123307 0.0300602 
3.41052 0.204894 0.513845 0.0343929 0.436524 0.0730966 0.378519 0.107802 0.31109 0.244927 0.240323 0.273456 0.245872 
12.126 1.97231 0.388437 0.738005 0.705988 0.293603 0.23155 1.74377 0.791534 0.0574254 0.141861 0.344283 0.497648 
2.1781 0.0875789 0.678736 0.569512 0.109714 0.809189 0.213688 0.477942 0.760699 0.0519709 0.913151 0.230255 0.47915 
0.465506 0.0300651 0.0722632 0.0166041 0.022605 0.0265477 0.00722202 0.0548645 0.0121093 0.0173557 0.00179733 0.0138096 0.00658144 
0.465506 0.0300651 0.0722632 0.0166041 0.022605 0.0265477 0.0124515 0.0548645 0.0121093 0.0173557 0.0057125 0.0123307 0.00658144 
0.465506 0.0300651 0.0722632 0.0166041 0.022605 0.0265477 0.00930802 0.0548645 0.0121093 0.0173557 0.00179733 0.0123307 0.00658144 
1.61423 0.112994 0.117761 0.0166041 0.022605 0.0412192 0.00722202 0.1151 0.0219668 0.047819 0.00581402 0.0367342 0.0223366 
61.382 23.0242 0.0905626 7.58984 3.76379 0.0363273 1.13405 0.194686 0.170618 0.200855 4.80797 8.67015 5.3447 
0.995797 0.101051 0.0969852 0.0414561 0.0568783 0.0708244 0.0205589 0.0984468 0.0184782 0.103912 0.0213697 0.0724491 0.0607614 
1.32198 0.0300651 0.350769 0.104343 0.130815 0.154628 0.0852748 0.14842 0.083535 0.0564541 0.119501 0.0410823 0.0985351 
0.465506 0.0300651 0.0722632 0.0166041 0.022605 0.0265477 0.00722202 0.0548645 0.0121093 0.0173557 0.00179733 0.0123307 0.00658144 
</Variance>
</GMM>
