<GMM>
<DimNum> 13 </DimNum>
<MixNum> 13 </MixNum>
<Prior> 0.297286 0.112364 0.047924 0.100519 0.049641 0.0577988 0.0456568 0.00708851 0.0432643 0.0162602 0.070386 0.0461993 0.105612 </Prior>
<Mean>
315.342 -35.9972 -0.902293 -4.73822 -1.87616 -3.1713 -0.854568 -2.21499 -1.75003 -1.12184 -0.0285557 1.5109 1.49705 
302.364 -35.9951 -0.901611 -4.73773 -1.87596 -3.17105 -0.854511 -2.21493 -1.74972 -1.12245 -0.0284049 1.51123 1.49703 
315.342 -35.9972 -0.902293 -4.73822 -1.87616 -3.1713 -0.854568 -2.21499 -1.75003 -1.12184 -0.0285557 1.5109 1.49705 
167.962 -34.6774 -0.521258 -4.4483 -1.77963 -3.01713 -0.83979 -2.18111 -1.53994 -1.53172 0.067062 1.7318 1.47194 
257.735 -35.9643 -0.89157 -4.73035 -1.87311 -3.16713 -0.8538 -2.21389 -1.74521 -1.13157 -0.0262811 1.51623 1.4965 
315.342 -35.9972 -0.902293 -4.73822 -1.87616 -3.1713 -0.854568 -2.21499 -1.75003 -1.12184 -0.0285557 1.5109 1.49705 
315.342 -35.9972 -0.902293 -4.73822 -1.87616 -3.1713 -0.854568 -2.21499 -1.75003 -1.12184 -0.0285557 1.5109 1.49705 
315.342 -35.9972 -0.902293 -4.73822 -1.87616 -3.1713 -0.854568 -2.21499 -1.75003 -1.12184 -0.0285557 1.5109 1.49705 
131.75 -30.3253 0.061792 -3.77609 -1.69866 -2.65173 -0.889631 -2.29502 -0.480057 -3.20351 0.516915 2.45193 1.35771 
83.7663 -3.8805 -10.2687 0.897291 -4.4979 0.597543 -1.44534 -8.02567 11.8502 -16.0394 6.13777 3.42335 0.400836 
150.213 -33.3146 -0.223011 -4.19767 -1.72151 -2.88247 -0.847288 -2.17215 -1.27799 -2.00006 0.180819 1.96652 1.44223 
315.342 -35.9972 -0.902293 -4.73822 -1.87616 -3.1713 -0.854568 -2.21499 -1.75003 -1.12184 -0.0285557 1.5109 1.49705 
215.026 -35.7481 -0.823931 -4.67989 -1.85467 -3.14031 -0.849831 -2.20702 -1.71298 -1.1962 -0.0113536 1.5518 1.49252 
</Mean>
<Variance>
49.5818 0.279626 0.034243 0.00793451 0.00271294 0.00703824 0.00355972 0.00953217 0.047159 0.0538215 0.0110719 0.00709642 0.00443838 
49.5818 0.279626 0.034243 0.00793451 0.00271294 0.00703824 0.00355972 0.00953217 0.047159 0.0538215 0.0110719 0.00709642 0.00443838 
49.5818 0.279626 0.034243 0.00793451 0.00271294 0.00703824 0.00355972 0.00953217 0.047159 0.0538215 0.0110719 0.00709642 0.00443838 
49.5818 0.279626 0.034243 0.00793451 0.00271294 0.00703824 0.00355972 0.00953217 0.047159 0.0538215 0.0110719 0.00709642 0.00443838 
165.375 0.279626 0.034243 0.00793451 0.00271294 0.00703824 0.00355972 0.00953217 0.047159 0.0538215 0.0110719 0.00709642 0.00443838 
49.5818 0.279626 0.034243 0.00793451 0.00271294 0.00703824 0.00355972 0.00953217 0.047159 0.0538215 0.0110719 0.00709642 0.00443838 
49.5818 0.279626 0.034243 0.00793451 0.00271294 0.00703824 0.00355972 0.00953217 0.047159 0.0538215 0.0110719 0.00709642 0.00443838 
49.5818 0.279626 0.034243 0.00793451 0.00271294 0.00703824 0.00355972 0.00953217 0.047159 0.0538215 0.0110719 0.00709642 0.00443838 
49.5818 1.99231 0.034243 0.0295855 0.00271294 0.008342 0.00355972 0.0148527 0.213252 0.395424 0.0390196 0.0424095 0.00443838 
1294.05 629.685 117.359 15.2536 9.56633 28.737 21.5419 25.2914 105.766 103.354 30.2968 37.295 26.0775 
49.5818 0.279626 0.034243 0.00793451 0.00271294 0.00703824 0.00355972 0.00953217 0.047159 0.0538215 0.0110719 0.00798579 0.00443838 
49.5818 0.279626 0.034243 0.00793451 0.00271294 0.00703824 0.00355972 0.00953217 0.047159 0.0538215 0.0110719 0.00709642 0.00443838 
380.351 0.279626 0.034243 0.00793451 0.00271294 0.00703824 0.00355972 0.00953217 0.047159 0.0538215 0.0110719 0.00709642 0.00443838 
</Variance>
</GMM>
