<GMM>
<DimNum> 13 </DimNum>
<MixNum> 13 </MixNum>
<Prior> 0.00534759 0.0213904 0.0480521 0.115236 0.0654116 0.12544 0.0931002 0.0172482 0.205655 0.0513842 0.0631645 0.135624 0.0529459 </Prior>
<Mean>
-13.049 53.8461 -21.5823 -1.11638 -4.37076 6.09426 -14.2134 3.33678 15.889 -27.3965 4.08299 14.8192 -4.27831 
160.696 -34.2371 -0.414245 -4.36231 -1.7567 -2.9712 -0.840113 -2.1751 -1.46077 -1.678 0.101981 1.80728 1.46286 
266.472 -35.9782 -0.896068 -4.73367 -1.87438 -3.1689 -0.854106 -2.21436 -1.74724 -1.12747 -0.0272284 1.51397 1.49675 
301.416 -35.9951 -0.901585 -4.73771 -1.87595 -3.17104 -0.854508 -2.21492 -1.74971 -1.12248 -0.0283989 1.51124 1.49703 
226.409 -35.8839 -0.865765 -4.71122 -1.86589 -3.15696 -0.852097 -2.21119 -1.73348 -1.15527 -0.0208137 1.52934 1.49504 
317.11 -35.9975 -0.902384 -4.73828 -1.87619 -3.17134 -0.854575 -2.21499 -1.75007 -1.12175 -0.0285757 1.51086 1.49706 
317.11 -35.9975 -0.902384 -4.73828 -1.87619 -3.17134 -0.854575 -2.21499 -1.75007 -1.12175 -0.0285757 1.51086 1.49706 
317.107 -35.9975 -0.902383 -4.73828 -1.87619 -3.17134 -0.854575 -2.21499 -1.75007 -1.12175 -0.0285757 1.51086 1.49706 
317.11 -35.9975 -0.902384 -4.73828 -1.87619 -3.17134 -0.854575 -2.21499 -1.75007 -1.12175 -0.0285757 1.51086 1.49706 
191.873 -35.5034 -0.748593 -4.62349 -1.83446 -3.11032 -0.845744 -2.19953 -1.67605 -1.26992 0.00568239 1.59223 1.48798 
211.725 -35.7851 -0.834526 -4.68796 -1.85729 -3.14459 -0.850187 -2.20796 -1.71888 -1.18466 -0.0140374 1.54556 1.49323 
244.711 -35.945 -0.885354 -4.72575 -1.87136 -3.16469 -0.853376 -2.21324 -1.74241 -1.13723 -0.0249726 1.51936 1.49616 
317.109 -35.9975 -0.902384 -4.73828 -1.87619 -3.17134 -0.854575 -2.21499 -1.75007 -1.12175 -0.0285757 1.51086 1.49706 
</Mean>
<Variance>
25.6798 0.429244 0.0228709 0.000726292 0.000336825 0.0045658 0.00949433 0.00163833 0.0165434 0.036719 0.000900576 0.00942109 0.00177338 
25.6798 0.429244 0.0228709 0.00511763 0.000336825 0.0045658 0.00949433 0.00163833 0.0165434 0.036719 0.000995693 0.00942109 0.00177338 
25.6798 0.429244 0.0228709 0.000726292 0.000336825 0.0045658 0.00949433 0.00163833 0.0165434 0.036719 0.000900576 0.00942109 0.00177338 
25.6798 0.429244 0.0228709 0.000726292 0.000336825 0.0045658 0.00949433 0.00163833 0.0165434 0.036719 0.000900576 0.00942109 0.00177338 
25.6798 0.429244 0.0228709 0.000726292 0.000336825 0.0045658 0.00949433 0.00163833 0.0165434 0.036719 0.000900576 0.00942109 0.00177338 
25.6798 0.429244 0.0228709 0.000726292 0.000336825 0.0045658 0.00949433 0.00163833 0.0165434 0.036719 0.000900576 0.00942109 0.00177338 
25.6798 0.429244 0.0228709 0.000726292 0.000336825 0.0045658 0.00949433 0.00163833 0.0165434 0.036719 0.000900576 0.00942109 0.00177338 
25.6798 0.429244 0.0228709 0.000726292 0.000336825 0.0045658 0.00949433 0.00163833 0.0165434 0.036719 0.000900576 0.00942109 0.00177338 
25.6798 0.429244 0.0228709 0.000726292 0.000336825 0.0045658 0.00949433 0.00163833 0.0165434 0.036719 0.000900576 0.00942109 0.00177338 
39.7641 0.429244 0.0228709 0.000925449 0.000336825 0.0045658 0.00949433 0.00163833 0.0165434 0.036719 0.000900576 0.00942109 0.00177338 
25.6798 0.429244 0.0228709 0.000726292 0.000336825 0.0045658 0.00949433 0.00163833 0.0165434 0.036719 0.000900576 0.00942109 0.00177338 
35.3988 0.429244 0.0228709 0.000726292 0.000336825 0.0045658 0.00949433 0.00163833 0.0165434 0.036719 0.000900576 0.00942109 0.00177338 
25.6798 0.429244 0.0228709 0.000726292 0.000336825 0.0045658 0.00949433 0.00163833 0.0165434 0.036719 0.000900576 0.00942109 0.00177338 
</Variance>
</GMM>
