<GMM>
<DimNum> 13 </DimNum>
<MixNum> 13 </MixNum>
<Prior> 0.00558659 0.31695 0.0846618 0.0446923 0.107851 0.0710333 0.0200826 0.12526 0.0215675 0.101772 0.00558659 0.0386232 0.0563335 </Prior>
<Mean>
-13.0523 53.8464 -21.5809 -1.11586 -4.37161 6.09344 -14.213 3.33785 15.8885 -27.3973 4.08302 14.82 -4.27813 
317.268 -35.9975 -0.902389 -4.73829 -1.87619 -3.17134 -0.854576 -2.21499 -1.75008 -1.12175 -0.0285768 1.51086 1.49706 
220.317 -35.8495 -0.854817 -4.70307 -1.86286 -3.15263 -0.851412 -2.21005 -1.72841 -1.16549 -0.0184586 1.53498 1.49441 
179.212 -35.172 -0.652634 -4.55061 -1.81021 -3.07158 -0.842062 -2.1909 -1.62357 -1.37266 0.0295958 1.64776 1.48169 
301.819 -35.9951 -0.901611 -4.73773 -1.87596 -3.17105 -0.85451 -2.21493 -1.74972 -1.12245 -0.0284046 1.51123 1.49703 
240.046 -35.9337 -0.881695 -4.72304 -1.87033 -3.16325 -0.853132 -2.21286 -1.74076 -1.14057 -0.0242002 1.52121 1.49595 
317.268 -35.9975 -0.902389 -4.73829 -1.87619 -3.17134 -0.854576 -2.21499 -1.75008 -1.12175 -0.0285768 1.51086 1.49706 
317.268 -35.9975 -0.902389 -4.73829 -1.87619 -3.17134 -0.854576 -2.21499 -1.75008 -1.12175 -0.0285768 1.51086 1.49706 
301.819 -35.9951 -0.901611 -4.73773 -1.87596 -3.17105 -0.85451 -2.21493 -1.74972 -1.12245 -0.0284046 1.51123 1.49703 
206.505 -35.7301 -0.817424 -4.67518 -1.85266 -3.13779 -0.849214 -2.20623 -1.71066 -1.20113 -0.0102365 1.55462 1.49221 
142.829 -32.4522 -0.0738284 -4.05656 -1.69895 -2.80551 -0.858696 -2.17869 -1.09103 -2.315 0.260011 2.11539 1.42131 
258.041 -35.9686 -0.892976 -4.73139 -1.8735 -3.16769 -0.853892 -2.21404 -1.74585 -1.13028 -0.026578 1.51552 1.49658 
317.268 -35.9975 -0.902389 -4.73829 -1.87619 -3.17134 -0.854576 -2.21499 -1.75008 -1.12175 -0.0285768 1.51086 1.49706 
</Mean>
<Variance>
28.1582 0.448415 0.0238933 0.000762335 0.000352084 0.00476804 0.00991568 0.0017116 0.0172836 0.0383704 0.000941952 0.00984418 0.00185206 
28.1582 0.448415 0.0238933 0.000762335 0.000352084 0.00476804 0.00991568 0.0017116 0.0172836 0.0383704 0.000941952 0.00984418 0.00185206 
28.1582 0.448415 0.0238933 0.000762335 0.000352084 0.00476804 0.00991568 0.0017116 0.0172836 0.0383704 0.000941952 0.00984418 0.00185206 
28.1582 0.448415 0.0238933 0.00149971 0.000352084 0.00476804 0.00991568 0.0017116 0.0172836 0.0383704 0.000941952 0.00984418 0.00185206 
28.1582 0.448415 0.0238933 0.000762335 0.000352084 0.00476804 0.00991568 0.0017116 0.0172836 0.0383704 0.000941952 0.00984418 0.00185206 
28.1582 0.448415 0.0238933 0.000762335 0.000352084 0.00476804 0.00991568 0.0017116 0.0172836 0.0383704 0.000941952 0.00984418 0.00185206 
28.1582 0.448415 0.0238933 0.000762335 0.000352084 0.00476804 0.00991568 0.0017116 0.0172836 0.0383704 0.000941952 0.00984418 0.00185206 
28.1582 0.448415 0.0238933 0.000762335 0.000352084 0.00476804 0.00991568 0.0017116 0.0172836 0.0383704 0.000941952 0.00984418 0.00185206 
28.1582 0.448415 0.0238933 0.000762335 0.000352084 0.00476804 0.00991568 0.0017116 0.0172836 0.0383704 0.000941952 0.00984418 0.00185206 
36.1699 0.448415 0.0238933 0.000762335 0.000352084 0.00476804 0.00991568 0.0017116 0.0172836 0.0383704 0.000941952 0.00984418 0.00185206 
28.1582 0.448415 0.0238933 0.000762335 0.000352084 0.00476804 0.00991568 0.0017116 0.0172836 0.0383704 0.000941952 0.00984418 0.00185206 
30.2976 0.448415 0.0238933 0.000762335 0.000352084 0.00476804 0.00991568 0.0017116 0.0172836 0.0383704 0.000941952 0.00984418 0.00185206 
28.1582 0.448415 0.0238933 0.000762335 0.000352084 0.00476804 0.00991568 0.0017116 0.0172836 0.0383704 0.000941952 0.00984418 0.00185206 
</Variance>
</GMM>
