<GMM>
<DimNum> 13 </DimNum>
<MixNum> 13 </MixNum>
<Prior> 0.10546 0.023686 0.0233418 0.0342105 0.0736428 0.0794962 0.031556 0.143886 0.128818 0.160451 0.0369228 0.100635 0.0578947 </Prior>
<Mean>
-15.9064 53.9916 -20.1917 -0.539791 -5.17234 5.29297 -13.7693 4.29882 15.5461 -28.1126 4.04872 15.4113 -4.10076 
-45.2491 54.0176 -5.90934 4.07076 -12.216 2.03122 -8.14007 6.15858 9.19122 -27.866 7.12978 15.2863 -5.08327 
-24.8061 53.5646 -14.793 2.40911 -8.26115 1.58597 -12.6086 7.85113 15.4699 -30.1814 3.16786 16.1433 -3.5201 
72.7804 3.39752 -13.175 0.463774 -1.47887 -4.47872 6.51133 -19.6114 25.864 -28.676 13.2862 2.4751 -1.97951 
-20.2387 54.1851 -17.7305 0.149905 -6.95737 4.31512 -12.2962 5.5702 14.078 -29.2604 5.08767 16.6415 -4.9199 
-27.9285 53.987 -13.8058 2.36334 -8.81439 1.79947 -11.7303 7.88579 14.061 -30.477 4.25498 17.0267 -4.12651 
-38.0111 53.6802 -9.95613 4.28713 -9.52118 1.24905 -10.9362 7.63377 12.1023 -30.2052 4.99701 17.3982 -3.41756 
-11.0026 53.5917 -22.4189 -1.38884 -3.94275 6.57863 -14.4314 2.65213 16.1276 -26.8981 4.14262 14.3702 -4.48457 
-32.6277 53.9404 -11.9606 3.34478 -9.31401 1.10783 -11.4833 8.34058 13.6139 -30.6205 4.16493 17.1683 -3.69021 
-1.76404 51.7134 -25.6849 -1.83269 -2.94494 8.79023 -14.7723 -0.930685 17.2711 -24.7451 4.59001 12.6956 -6.15734 
35.5628 30.2574 -27.0921 9.26181 -11.9429 10.001 -8.09692 -10.091 22.599 -27.4725 9.61364 7.32959 -3.56911 
-23.7445 54.0522 -15.714 1.22433 -8.08316 3.00875 -11.8304 6.8236 13.9547 -30.0066 4.8309 16.9618 -4.71729 
12.6015 44.7129 -27.9167 3.66894 -8.41147 11.5394 -12.0148 -7.70036 22.196 -25.1226 2.46123 16.2864 -10.0982 
</Mean>
<Variance>
5.41665 1.05545 0.526362 0.0800901 0.204705 0.141423 0.163895 0.430802 0.197899 0.0953959 0.181682 0.111661 0.177936 
10.6396 1.05545 2.59863 0.997068 3.05195 0.241624 1.61915 1.35895 1.29954 1.77145 0.453892 2.82633 1.4675 
5.41665 1.05545 0.349054 0.227345 0.0923874 0.325859 0.163895 0.430802 0.186217 0.0524244 0.266804 0.111661 0.138141 
42.6865 12.7698 1.09683 3.14027 0.552254 4.25342 5.15161 0.430802 5.91789 6.12688 0.062426 4.90938 2.64095 
5.41665 1.05545 0.360213 0.18606 0.176493 0.268916 0.356382 0.430802 0.773023 0.0736285 0.702784 0.330688 0.365029 
5.41665 1.05545 0.349054 0.082689 0.0923874 0.141423 0.163895 0.430802 0.116756 0.0524244 0.0468965 0.111661 0.0338727 
5.41665 1.05545 0.648361 0.137395 0.0923874 0.141423 0.163895 0.430802 0.695111 0.0731595 0.315972 0.111661 0.0338727 
5.41665 1.05545 0.648935 0.0822636 0.18262 0.238434 0.163895 0.459955 0.116756 0.267351 0.0468965 0.21137 0.069354 
5.41665 1.05545 0.349054 0.0800901 0.0923874 0.141423 0.163895 0.430802 0.116756 0.0524244 0.0468965 0.111661 0.0338727 
13.7286 1.75647 0.687194 0.40903 0.333213 0.402126 0.163895 1.90592 0.558442 0.182742 0.0510401 0.147351 0.489334 
190.389 84.4489 11.9365 22.3177 20.7193 15.8144 23.8423 17.2373 10.693 9.87756 12.4865 14.5189 12.198 
5.41665 1.05545 0.362787 0.104614 0.341069 0.141423 0.497835 0.430802 0.639473 0.101378 0.675871 0.283207 0.490885 
12.6549 3.53576 0.349054 1.68318 1.11223 0.141423 0.359448 0.840261 0.365552 0.0524244 0.207175 0.303475 0.17791 
</Variance>
</GMM>
