<GMM>
<DimNum> 13 </DimNum>
<MixNum> 13 </MixNum>
<Prior> 0.0753154 0.105362 0.10419 0.0929638 0.0847073 0.0219435 0.0980272 0.0799115 0.133987 0.0200438 0.0583532 0.0335275 0.0916675 </Prior>
<Mean>
-17.608 54.0851 -19.2241 -0.275204 -5.8723 4.89646 -13.2072 4.81524 14.9851 -28.5536 4.45044 15.8647 -4.44237 
-3.40684 52.3572 -25.3825 -2.17278 -2.64172 8.55212 -14.9701 -0.327572 16.9001 -24.8098 4.693 12.5702 -5.86478 
-23.6078 53.9936 -15.7988 1.33377 -7.92874 2.88431 -12.1029 6.8752 14.3225 -29.9292 4.46712 16.7301 -4.43846 
-30.8567 53.9549 -12.6246 3.00849 -9.16108 1.29207 -11.5932 8.25364 13.8508 -30.6086 4.13274 17.1043 -3.82948 
-8.72166 53.3046 -23.358 -1.6982 -3.46357 7.14569 -14.6674 1.84744 16.3774 -26.3044 4.24433 13.8388 -4.77007 
-17.7238 54.1877 -19.6744 -0.223426 -5.19654 4.90093 -13.9941 4.71967 15.7591 -28.2209 3.62082 15.3548 -3.6792 
-20.063 54.07 -17.741 0.324095 -6.86814 4.10886 -12.5503 5.67862 14.4824 -29.2132 4.69432 16.3899 -4.64106 
-26.6907 54.0248 -14.3745 2.01265 -8.60826 2.15558 -11.7518 7.59056 14.0226 -30.357 4.43233 17.0276 -4.31152 
-12.2978 53.7536 -21.8862 -1.21245 -4.21498 6.25851 -14.2971 3.10561 15.9858 -27.2328 4.08625 14.6701 -4.32558 
-38.7125 53.7798 -9.52294 4.19076 -9.91614 1.286 -10.5906 7.57637 11.8646 -29.949 5.17658 17.0799 -3.67267 
4.57938 46.7434 -25.2118 2.94966 -7.59039 9.21493 -13.0289 -2.99766 19.8323 -26.1508 3.55626 14.4424 -7.081 
-21.1904 54.339 -17.0063 -0.0475586 -7.83948 4.47924 -11.1274 5.67624 12.676 -29.7547 6.42947 17.598 -5.98845 
-15.1509 53.9984 -20.5631 -0.762406 -4.9939 5.56871 -13.809 4.01263 15.5101 -27.9212 4.20035 15.3012 -4.28462 
</Mean>
<Variance>
1.14441 0.0533077 0.198479 0.041878 0.0567857 0.0697841 0.0339473 0.119696 0.0325978 0.0381658 0.045394 0.0262803 0.0402104 
6.02468 0.558625 0.356677 0.0482795 0.0567857 0.142041 0.0259909 0.551858 0.103828 0.131087 0.0130971 0.0813791 0.108868 
1.14441 0.0590765 0.309257 0.283787 0.0653347 0.414619 0.149007 0.231835 0.503978 0.0381658 0.539806 0.166853 0.26091 
3.23044 0.0533077 0.455812 0.117717 0.0567857 0.0697841 0.0178713 0.119696 0.057478 0.0381658 0.00587269 0.0262803 0.0205527 
1.80259 0.100365 0.212398 0.041878 0.0649767 0.0986845 0.018265 0.19089 0.0308728 0.124518 0.0160458 0.0934861 0.0564618 
1.14441 0.0533077 0.198479 0.041878 0.0567857 0.0697841 0.0455159 0.119696 0.0384754 0.0381658 0.0294717 0.0262803 0.0231563 
1.22724 0.0533077 0.301777 0.0986581 0.0844092 0.145198 0.0360056 0.136101 0.0364041 0.0415021 0.0711382 0.0262803 0.0593369 
1.14441 0.0533077 0.211295 0.0884135 0.0567857 0.101328 0.0178713 0.119696 0.0308728 0.0381658 0.0318524 0.0262803 0.0270541 
1.14441 0.0533077 0.198479 0.041878 0.0567857 0.0697841 0.0178713 0.119696 0.0308728 0.0431842 0.00587269 0.0350717 0.0139541 
6.93574 0.0947424 2.20583 0.16106 1.41095 0.0753064 1.21405 0.289995 1.12242 0.697761 0.614269 0.911455 0.615376 
279.098 39.0205 25.7069 16.1075 14.2401 18.9369 2.50262 38.7018 6.26696 6.63786 4.10164 6.70349 10.5297 
1.14441 0.152593 0.518402 0.263784 0.394459 0.447293 0.260159 0.275586 0.43564 0.12384 0.396178 0.183133 0.223526 
1.14441 0.0533077 0.198479 0.041878 0.0567857 0.0697841 0.0222683 0.119696 0.0308728 0.0381658 0.00587269 0.0262803 0.0139541 
</Variance>
</GMM>
