<GMM>
<DimNum> 13 </DimNum>
<MixNum> 13 </MixNum>
<Prior> 0.0589241 0.0695358 0.120432 0.0744546 0.0213904 0.118147 0.0481257 0.144376 0.0641711 0.0670158 0.149257 0.0427806 0.0213904 </Prior>
<Mean>
-17.3599 54.0844 -19.393 -0.324798 -5.73809 4.96834 -13.3185 4.72563 15.0862 -28.4679 4.374 15.7765 -4.37848 
-5.89707 53.1857 -24.9448 -2.42068 -2.47674 8.38911 -15.1581 0.227341 16.5597 -24.8894 4.73539 12.6216 -5.74553 
-11.6003 53.7035 -22.2217 -1.3449 -4.01701 6.46477 -14.4077 2.83719 16.07 -27.016 4.11305 14.4775 -4.41269 
-14.8782 53.9794 -20.6969 -0.808769 -4.91124 5.63707 -13.8634 3.92514 15.5609 -27.853 4.18305 15.2384 -4.28137 
7.65731 47.381 -27.3329 1.53659 -6.41232 10.8716 -13.0477 -5.76508 20.7797 -24.8115 2.89018 15.3392 -9.08487 
-23.5411 53.9502 -15.7935 1.39728 -7.90962 2.80608 -12.1821 6.92016 14.4585 -29.9203 4.33596 16.6478 -4.3489 
-38.5294 53.6211 -9.74117 4.38521 -9.52982 1.32902 -10.8537 7.46428 11.8642 -30.1257 5.16261 17.4248 -3.40561 
-27.8896 53.9412 -13.7882 2.43151 -8.79881 1.72239 -11.8031 7.92656 14.1853 -30.4664 4.13203 16.9476 -4.03894 
-50.3572 54.3069 -3.39767 3.78707 -13.3467 2.64386 -6.85249 4.76035 7.79329 -25.6187 7.79923 13.7513 -5.37583 
-8.57886 53.2744 -23.3989 -1.70309 -3.45152 7.16402 -14.6707 1.81365 16.3944 -26.2877 4.24395 13.8227 -4.7754 
-20.1241 54.1474 -17.7384 0.154483 -6.98274 4.31564 -12.2563 5.57204 14.0605 -29.3069 5.0965 16.7067 -4.89274 
0.698299 50.9898 -26.2951 -1.72024 -2.93846 9.15491 -14.6791 -1.70701 17.5682 -24.411 4.67499 12.4233 -6.47753 
-16.6031 54.246 -20.6933 -0.45174 -4.24598 5.2588 -14.8765 4.24676 16.5769 -27.6659 2.89216 14.7191 -3.03209 
</Mean>
<Variance>
1.58512 0.0137376 0.338732 0.0444468 0.0869916 0.0716009 0.0604583 0.0951728 0.059858 0.0435854 0.0630884 0.0353313 0.05464 
1.61147 0.178381 0.357958 0.151359 0.223155 0.281295 0.074833 0.397366 0.059858 0.397352 0.0640862 0.284414 0.205295 
1.58512 0.0137376 0.338732 0.0394261 0.0796013 0.0621409 0.0409514 0.0951728 0.059858 0.0445916 0.0120379 0.0357425 0.0110704 
1.58512 0.0137376 0.338732 0.0394261 0.0796013 0.0621409 0.0409514 0.0951728 0.059858 0.0482268 0.0120379 0.0414086 0.0110704 
1.58512 0.507274 0.338732 0.53576 0.645711 0.126773 0.125855 0.688939 0.500327 0.0435854 0.191938 0.532116 0.319398 
1.58512 0.0387708 0.338732 0.183876 0.0796013 0.269137 0.107194 0.157102 0.337956 0.0435854 0.347785 0.116706 0.165816 
5.2985 0.0485374 0.854754 0.181087 0.0796013 0.0766991 0.107597 0.388018 0.873796 0.0883807 0.394215 0.0253337 0.0110704 
2.6121 0.0319933 0.427672 0.179967 0.0796013 0.201871 0.0933706 0.108788 0.301882 0.0435854 0.261956 0.100169 0.126694 
33.3173 0.098832 5.70671 0.237541 0.0796013 1.02672 0.288776 5.57373 2.94219 5.83161 0.624432 0.698303 0.779509 
1.58512 0.101321 0.338732 0.0394261 0.0796013 0.0621409 0.0409514 0.123343 0.059858 0.0748255 0.0120379 0.0560955 0.0350938 
5.2088 0.170349 0.701819 0.142563 0.255528 0.206366 0.418842 0.156353 0.973103 0.0719201 0.806964 0.335645 0.529285 
2.73661 0.436436 0.338732 0.130519 0.105151 0.0686469 0.0429929 0.416029 0.141638 0.0435854 0.0120379 0.0253337 0.108867 
1.58512 0.0137376 0.338732 0.0394261 0.283066 0.0621409 0.2501 0.0951728 0.21697 0.0953633 0.176338 0.128887 0.139451 
</Variance>
</GMM>
