<GMM>
<DimNum> 13 </DimNum>
<MixNum> 13 </MixNum>
<Prior> 0.0596566 0.0843773 0.0822562 0.0240678 0.10788 0.0676894 0.153619 0.103841 0.0492518 0.0607757 0.0611664 0.0629796 0.0824391 </Prior>
<Mean>
-16.8183 54.0662 -19.7004 -0.429218 -5.52584 5.11547 -13.4737 4.54586 15.2255 -28.3184 4.2944 15.6359 -4.3222 
-1.55109 51.6742 -25.7981 -1.83501 -2.93037 8.90815 -14.7846 -1.10433 17.3245 -24.6472 4.60148 12.657 -6.27919 
-11.0116 53.5871 -22.4517 -1.3681 -3.88778 6.56771 -14.5031 2.64843 16.2108 -26.8753 4.05209 14.3269 -4.39929 
-43.7705 52.5755 -7.63572 5.85787 -9.02031 2.43925 -10.2805 5.15928 8.96321 -29.5287 7.243 18.3456 -2.87737 
-38.5037 53.6573 -9.78134 4.36856 -9.53028 1.26829 -10.8893 7.56149 11.9638 -30.1593 5.07262 17.4182 -3.39159 
-25.525 54.0135 -14.9002 1.7573 -8.36989 2.42193 -11.8701 7.3344 14.127 -30.2097 4.45506 16.9274 -4.37158 
-33.239 53.9278 -11.74 3.45071 -9.34788 1.08583 -11.4355 8.31678 13.491 -30.5973 4.21456 17.1923 -3.65171 
-46.1785 54.5384 -5.10559 3.45317 -13.4764 1.9067 -7.24025 6.47898 9.11469 -27.214 7.21249 14.131 -5.96703 
-21.6867 54.1602 -16.8244 0.499972 -7.58686 3.86635 -11.8471 6.06004 13.7123 -29.655 5.30713 16.9796 -5.10337 
33.5343 32.3002 -29.3504 12.0534 -14.9579 12.6363 -10.3034 -8.24217 21.1822 -26.0624 7.67589 9.43341 -5.17568 
54.2701 16.2664 -19.6517 4.81812 -6.66438 2.25069 0.44838 -17.1156 27.6851 -32.0175 14.7984 2.09955 0.608903 
14.3556 43.7711 -28.114 4.35304 -8.98673 11.6893 -11.7402 -8.12929 22.4671 -25.2282 2.55173 16.2985 -10.2538 
-28.7841 53.8732 -13.3405 2.7588 -8.94748 1.37533 -11.8514 8.19867 14.332 -30.5558 3.88276 16.8781 -3.82156 
</Mean>
<Variance>
7.71304 1.04545 0.558798 0.113337 0.250441 0.149883 0.155964 0.54322 0.226346 0.117844 0.101477 0.155126 0.0824095 
14.7167 2.12183 0.824846 0.705874 0.683564 0.573081 0.25156 2.23978 0.716673 0.412777 0.13268 0.417577 0.662379 
7.71304 1.04545 0.91533 0.113337 0.404128 0.312415 0.321109 0.609329 0.306094 0.35338 0.343483 0.328449 0.40024 
7.71304 1.04545 0.663993 1.75079 2.72506 0.510857 0.781849 2.31511 2.33233 0.239172 1.21315 2.56818 1.49719 
7.71304 1.04545 0.558798 0.113337 0.112466 0.149883 0.12801 0.54322 0.329745 0.0520684 0.151843 0.155126 0.0511494 
7.71304 1.04545 0.558798 0.113337 0.112466 0.149883 0.12801 0.54322 0.226346 0.0520684 0.111928 0.155126 0.0531772 
7.71304 1.04545 0.558798 0.113337 0.112466 0.149883 0.12801 0.54322 0.226346 0.0520684 0.0785501 0.155126 0.0511494 
9.47393 1.04545 1.49282 0.436874 0.112466 0.374174 0.133388 1.71358 2.29952 0.439641 1.07303 0.155126 0.0706467 
7.71304 1.04545 0.630898 0.170263 0.374981 0.241701 0.443696 0.54322 0.621932 0.132308 0.603585 0.289325 0.405591 
19.5242 7.31355 0.558798 2.84051 1.39622 1.21593 1.63553 0.889113 0.464509 0.229188 1.39206 2.1475 2.39944 
31.5558 20.3599 10.7545 7.63199 6.57503 5.80845 4.02309 1.59673 0.239294 0.408919 0.891786 1.70073 3.615 
12.041 3.47242 0.558798 1.45505 0.687737 0.149883 0.177551 0.54322 0.226346 0.0520684 0.585982 0.605351 0.0815313 
7.71304 1.04545 0.558798 0.128045 0.112466 0.214114 0.19418 0.54322 0.650625 0.0520684 0.5245 0.212971 0.203656 
</Variance>
</GMM>
