<GMM>
<DimNum> 13 </DimNum>
<MixNum> 13 </MixNum>
<Prior> 0.0768156 0.0867704 0.0398293 0.0899257 0.0636814 0.132854 0.0737492 0.168819 0.0807455 0.0321172 0.0122825 0.0798213 0.0625896 </Prior>
<Mean>
-17.456 54.0719 -19.2733 -0.315437 -5.87741 4.9482 -13.1601 4.7752 14.9308 -28.5716 4.50977 15.9253 -4.46754 
13.1062 44.4353 -27.9658 3.83861 -8.51284 11.5392 -12.0049 -7.64727 22.1249 -25.1624 2.65424 16.0781 -10.0102 
54.37 16.0876 -19.3911 4.56074 -6.47155 2.14502 0.481553 -17.1016 27.6313 -31.8968 14.585 2.38137 0.297297 
-3.31293 52.2188 -25.3229 -1.99832 -2.8374 8.54067 -14.8742 -0.385853 17.0084 -24.91 4.6017 12.7491 -5.90568 
-11.2864 53.5965 -22.261 -1.31953 -4.04607 6.48074 -14.3688 2.7713 16.0883 -27.0016 4.13534 14.4619 -4.45098 
-37.2408 53.7538 -10.2673 4.14387 -9.50227 1.15873 -11.0467 7.84196 12.4174 -30.3051 4.78641 17.3599 -3.44103 
-42.5366 53.8985 -7.46673 4.20131 -11.2087 1.66522 -9.22277 6.85085 10.3387 -28.9024 6.29553 16.1644 -4.45568 
-31.2401 53.9522 -12.4807 3.08137 -9.19473 1.25113 -11.5696 8.27403 13.8006 -30.6121 4.13875 17.1183 -3.79922 
-25.9778 53.8772 -14.5522 2.11561 -8.48357 1.99426 -12.0301 7.6568 14.4911 -30.2941 4.03466 16.7415 -4.06994 
-46.2631 54.4249 -5.02935 3.57475 -13.4409 2.0097 -7.20247 6.31637 8.88642 -27.2764 7.42431 14.2642 -5.95821 
-51.7396 54.0382 -2.96133 4.21883 -13.1963 2.79475 -6.66319 4.40293 7.01586 -25.6512 8.39994 14.0619 -5.42422 
-22.4561 54.177 -16.4539 0.67065 -7.78097 3.66171 -11.7491 6.27543 13.6393 -29.7915 5.29514 17.0731 -5.07551 
32.8941 32.6938 -29.3385 11.8468 -14.8622 12.8034 -10.6278 -7.99069 21.1367 -26.1431 7.69815 9.56187 -5.41628 
</Mean>
<Variance>
6.5137 0.810217 0.735982 0.259779 0.369841 0.397429 0.420423 0.47433 0.7736 0.192995 0.727724 0.363496 0.47692 
18.5122 5.40484 0.533605 2.69675 1.76985 0.158454 0.416679 1.08822 0.553644 0.0732556 0.665626 0.836918 0.327688 
40.4092 25.9147 13.4427 9.44486 8.18096 7.27494 5.01174 1.90691 0.188636 0.358886 0.852681 1.77194 4.19943 
12.1292 1.40984 0.839658 0.372382 0.367151 0.506191 0.136428 1.79464 0.444253 0.398683 0.0762586 0.300209 0.506507 
6.5137 0.810217 0.851815 0.112251 0.215734 0.271822 0.0942484 0.559006 0.188636 0.286339 0.0580041 0.233009 0.0505388 
6.5137 0.810217 0.533605 0.112251 0.103475 0.158454 0.0942484 0.47433 0.379712 0.0500241 0.153456 0.118149 0.0480789 
6.5137 1.87708 1.21422 2.99439 6.25512 0.723596 2.18572 3.21343 2.7671 0.812236 1.55477 5.65511 3.25863 
6.5137 0.810217 0.533605 0.124706 0.103475 0.158454 0.0942484 0.47433 0.188636 0.0500241 0.0580041 0.118149 0.0480789 
6.5137 0.810217 0.533605 0.370233 0.103475 0.548301 0.219068 0.47433 0.783308 0.0500241 0.799488 0.252764 0.371544 
6.5137 0.810217 0.533605 0.112251 0.103475 0.158454 0.0942484 0.47433 0.40934 0.0813533 0.182271 0.118149 0.0480789 
6.5137 0.810217 0.92518 0.112251 0.103475 0.158454 0.0942484 0.859442 0.320015 1.1502 0.0580041 0.164747 0.158678 
6.5137 0.810217 0.533605 0.267072 0.238317 0.374383 0.396494 0.47433 0.720372 0.0755106 0.792333 0.276512 0.498034 
17.0683 6.25016 0.558408 2.77506 1.3277 1.35617 1.68426 1.05253 0.560459 0.23981 1.23502 1.66548 2.40572 
</Variance>
</GMM>
