<GMM>
<DimNum> 13 </DimNum>
<MixNum> 13 </MixNum>
<Prior> 0.0800116 0.113346 0.0564314 0.0971319 0.087219 0.0703913 0.0598655 0.0692775 0.196137 0.0271084 0.00301205 0.107709 0.0323592 </Prior>
<Mean>
-15.4456 54.0271 -20.4855 -0.702604 -4.98565 5.49625 -13.8641 4.08771 15.57 -27.9414 4.10013 15.288 -4.18258 
-9.9608 53.4681 -22.8507 -1.53114 -3.71762 6.82387 -14.5501 2.30948 16.2551 -26.6481 4.1631 14.1445 -4.57582 
-12.2905 53.6154 -21.684 -1.05086 -4.41896 6.06093 -14.167 3.29971 15.9998 -27.4695 4.00902 14.8679 -4.17939 
-19.3984 54.2035 -18.2253 -0.0810256 -6.65249 4.60553 -12.4644 5.27335 14.1791 -29.059 5.07605 16.5137 -4.90934 
-1.70298 51.8527 -25.7892 -2.07785 -2.66346 8.78644 -14.8978 -0.841653 17.1252 -24.6155 4.71881 12.4296 -6.06458 
-5.84776 52.8587 -24.4887 -2.02892 -2.94149 7.89982 -14.8811 0.720916 16.6435 -25.4888 4.48066 13.1224 -5.30625 
-40.9794 54.011 -8.21645 4.00142 -10.9716 1.43135 -9.61663 7.31655 11.0766 -29.2071 5.75552 16.2466 -4.33932 
21.1489 39.7176 -28.4661 6.96941 -11.2179 12.4099 -11.6209 -8.0352 22.1259 -25.7188 4.50192 13.8855 -8.62888 
-31.2273 53.9482 -12.5171 3.04462 -9.15029 1.34625 -11.5494 8.16305 13.7153 -30.5564 4.22156 17.1273 -3.82744 
67.4267 6.06306 -12.6361 -0.98324 -1.21835 -2.95412 4.72731 -19.5351 27.799 -30.6388 13.0993 4.43191 -3.36241 
-11.4953 52.2641 -20.0144 0.480308 -6.188 3.98078 -13.1641 5.47504 16.5194 -30.0779 2.71691 17.0204 -1.99631 
-23.2892 54.0481 -16.0228 1.15834 -7.82362 3.09899 -12.0803 6.6968 14.2099 -29.856 4.61639 16.7712 -4.54289 
3.83493 49.5192 -26.8097 -0.596032 -4.08084 9.79777 -14.0911 -3.26144 18.6876 -24.4452 4.15431 13.2509 -7.40273 
</Mean>
<Variance>
4.17436 0.718988 0.345168 0.0773167 0.095818 0.125772 0.108904 0.33843 0.102578 0.0465111 0.100578 0.0671243 0.0931698 
4.17436 0.718988 0.345168 0.0773167 0.095818 0.125772 0.108904 0.33843 0.102578 0.0735011 0.0286995 0.0671243 0.0243858 
4.17436 0.718988 0.345168 0.0773167 0.095818 0.125772 0.108904 0.33843 0.102578 0.0465111 0.0293847 0.0671243 0.0458625 
4.17436 0.718988 0.345168 0.266313 0.242046 0.378867 0.59384 0.33843 1.24819 0.0818417 1.19553 0.51136 0.649029 
4.17436 0.718988 0.345168 0.0773167 0.095818 0.125772 0.108904 0.354781 0.102578 0.0623237 0.0286995 0.0671243 0.0820332 
4.17436 0.718988 0.345168 0.0773167 0.095818 0.125772 0.108904 0.33843 0.102578 0.0754419 0.0286995 0.0671243 0.0368874 
8.28074 0.718988 3.34989 0.657217 3.73616 0.131533 2.48891 0.53501 1.38268 1.36335 0.794569 2.73871 1.72682 
71.6064 25.8845 0.380651 11.1881 7.47167 1.36243 1.24887 0.639062 0.498729 0.611691 7.03283 10.8195 5.44486 
8.46221 0.718988 1.24359 0.33413 0.095818 0.128691 0.108904 0.33843 0.152994 0.0465111 0.0286995 0.0671243 0.0608211 
4.17436 0.718988 0.345168 0.0773167 0.095818 0.125772 0.108904 0.33843 0.102578 0.0465111 0.0286995 0.0671243 0.0234584 
4.17436 0.718988 0.345168 0.0773167 0.095818 0.125772 0.108904 0.33843 0.102578 0.0465111 0.0286995 0.0671243 0.0234584 
4.17436 0.718988 0.478371 0.224473 0.136204 0.322565 0.140385 0.33843 0.362072 0.0576604 0.353003 0.139366 0.169913 
4.33889 1.28045 0.345168 1.17182 1.37194 0.298866 0.287125 1.66513 1.11857 0.0465111 0.384011 1.04493 0.722839 
</Variance>
</GMM>
