<GMM>
<DimNum> 13 </DimNum>
<MixNum> 13 </MixNum>
<Prior> 0.117818 0.0908681 0.0726564 0.0545865 0.121229 0.167013 0.0242424 0.0121212 0.145473 0.103047 0.0666689 0.00606061 0.0182163 </Prior>
<Mean>
-17.2143 54.0838 -19.5025 -0.349858 -5.64252 5.0084 -13.405 4.67075 15.1685 -28.4079 4.30551 15.7084 -4.32076 
-47.5342 54.4151 -4.57977 3.63549 -13.396 2.13475 -7.11004 5.94771 8.60799 -26.8093 7.49061 14.109 -5.81139 
-25.2548 54.0476 -15.0561 1.6303 -8.31412 2.567 -11.839 7.21944 14.0414 -30.1719 4.57205 16.9667 -4.4624 
-41.6781 53.2722 -8.38936 4.96802 -9.65096 1.8078 -10.3084 6.44741 10.403 -29.6352 6.1879 17.5487 -3.37164 
-21.252 54.1012 -17.0558 0.530002 -7.36177 3.83749 -12.1404 6.01768 14.081 -29.5263 4.97576 16.7276 -4.85517 
-11.9531 53.6815 -22.0147 -1.22082 -4.14215 6.31043 -14.3534 3.00245 16.0723 -27.1548 4.04445 14.5819 -4.31047 
7.53438 47.5175 -27.3001 1.21807 -5.982 10.6304 -13.184 -5.32606 20.3403 -24.7203 3.26565 14.7571 -8.70327 
-72.9938 57.9678 3.2416 0.503014 -9.0611 1.9877 -2.84621 -0.688295 -0.104396 -12.6586 4.53444 9.53415 1.81637 
-30.6385 53.9587 -12.7004 2.97343 -9.15178 1.29487 -11.611 8.26738 13.8985 -30.6198 4.1113 17.0953 -3.84157 
-34.6895 53.8969 -11.2158 3.70239 -9.4282 1.0351 -11.3213 8.25798 13.1969 -30.5416 4.33452 17.2494 -3.56071 
-3.62793 52.5075 -25.4551 -2.29068 -2.51339 8.65362 -15.0538 -0.394987 16.8497 -24.6736 4.75774 12.4532 -5.95625 
67.9451 5.7431 -12.5065 -1.06866 -1.11685 -3.0871 4.85586 -19.6037 27.7786 -30.5837 13.0904 4.41783 -3.40381 
-25.3065 53.4301 -14.4192 2.77683 -8.39201 1.1453 -12.7569 8.18902 15.824 -30.2778 2.7524 15.9678 -3.22232 
</Mean>
<Variance>
2.53002 0.155136 0.408046 0.0650756 0.181645 0.110124 0.12626 0.138381 0.109807 0.0806416 0.103758 0.0746614 0.0873333 
15.2001 0.156433 2.32799 0.333901 0.0907062 0.420828 0.177948 2.2228 2.32853 1.32638 0.84649 0.0845186 0.158192 
2.53002 0.155136 0.408046 0.099561 0.0907062 0.125171 0.0714405 0.134339 0.126275 0.0690668 0.112983 0.0529123 0.0567809 
6.49439 1.57113 0.890518 2.58357 3.96061 0.711217 1.02389 3.30036 3.12435 0.38564 1.54356 3.92037 2.10815 
2.53002 0.155136 0.408046 0.108792 0.218444 0.156277 0.310117 0.134339 0.473327 0.0764986 0.469697 0.208979 0.304195 
4.68664 0.155136 0.80114 0.155992 0.299397 0.361587 0.140237 0.586383 0.119609 0.408924 0.15104 0.314596 0.261081 
13.2715 4.0982 0.408046 3.52782 3.89097 0.686537 0.864599 4.23095 2.81401 0.101956 0.862317 2.51401 1.71875 
41.4953 0.967672 0.722806 0.113321 8.70594 2.67171 0.261835 0.345691 5.98729 13.6905 0.666681 0.270297 2.06422 
2.53002 0.155136 0.408046 0.0694529 0.0907062 0.0691856 0.0714405 0.134339 0.100874 0.0690668 0.0184774 0.0374676 0.0180151 
2.53002 0.155136 0.408046 0.0498141 0.0907062 0.0691856 0.0714405 0.134339 0.100874 0.0690668 0.0262208 0.0374676 0.0180151 
5.9286 0.651229 0.408046 0.123426 0.129246 0.172283 0.0714405 0.500773 0.110578 0.204942 0.0314827 0.141419 0.126275 
2.53002 0.155136 0.408046 0.0498141 0.0907062 0.0691856 0.0714405 0.134339 0.100874 0.0690668 0.0184774 0.0374676 0.0180151 
2.53002 0.155136 0.644051 0.625074 0.0907062 0.897318 0.102656 0.527041 0.582141 0.0690668 0.800305 0.143261 0.411326 
</Variance>
</GMM>
