1.311192 0.865115
0.275228 -0.172730
6.580116 8.764616
3.542793 7.196282
-2.281108 -2.735097
10.105712 5.911775
10.424690 5.891025
-2.428731 -2.918161
-0.617857 0.112271
0.189510 0.196121
10.245818 6.875652
5.903334 6.821377
-0.381163 0.213056
9.928438 6.691283
0.143946 -0.408706
10.040982 6.058322
5.454541 6.411120
10.054611 6.330799
-2.087583 -3.290666
-1.969870 -3.031894
10.481994 6.183697
-0.231529 0.105666
4.406684 6.680758
9.523008 5.567486
-2.426472 -3.070055
-2.145933 -4.310344
-1.624864 -3.339571
0.828292 2.468203
0.360303 0.435326
-1.505726 -3.524855
10.672895 5.682051
4.472774 6.672360
-2.057206 -2.422047
-2.544168 -2.140609
9.994834 6.309531
1.163388 1.017119
-1.939248 -2.160154
-2.032958 -3.413846
-1.851486 -2.984427
5.242580 7.444800
0.183023 -0.093867
4.044062 7.243364
-1.540579 -3.749712
0.224150 1.232739
9.198791 6.389723
-1.931959 -2.996187
9.577678 6.419303
1.893264 1.174886
1.738527 0.544690
9.871520 6.325883
1.195902 0.372013
10.505380 6.045647
-1.561654 -3.241114
-1.991161 -2.422222
0.115018 -0.529039
-2.425476 -2.424216
10.585483 5.876399
9.719932 6.300981
10.099676 5.678760
-1.695148 -2.876891
10.298491 5.813338
1.755878 2.222727
0.289887 0.039789
-1.456537 -2.600788
0.114720 -0.764176
9.663682 5.099706
10.019644 5.042516
0.851369 1.627251
-2.060770 -3.546344
9.021268 5.902332
11.102669 5.926263
-1.760432 -3.246997
0.229181 -0.660078
-2.186910 -3.271859
-1.458446 -3.958058
-1.383566 -3.141819
0.914862 1.177350
-0.457388 -0.328803
5.710202 8.319306
-2.626238 -3.485621
4.968402 7.463836
-2.062812 -3.190548
-2.087945 -2.660258
-2.168352 -2.505975
-1.853589 -3.082160
0.453563 0.097658
10.236200 6.543551
10.810998 5.744496
9.739370 6.505721
10.102164 6.079292
-2.588660 -3.230935
10.163463 5.924853
-2.750813 -3.688772
1.089423 0.575317
9.417520 6.356503
10.205962 6.004862
10.224086 6.235930
0.650820 2.320219
1.243218 1.339707
0.929139 1.666046
10.250963 5.560038
-2.769816 -3.607693
0.280783 -0.270008
10.060909 6.810550
9.568990 6.722437
-1.574113 -3.302748
-2.844592 -3.462198
9.995059 5.472486
-0.812626 -3.133690
4.851263 6.190461
-2.465948 -3.670928
0.775478 0.369602
1.157401 0.764802
-1.462429 -3.005052
1.812850 0.884671
0.272799 -0.268019
1.738519 0.305422
0.152224 -0.413511
9.847862 6.152225
-0.356490 0.292837
-1.945817 -3.114818
-2.152026 -2.115486
0.802961 1.931745
1.137195 1.025892
10.204712 6.632043
-1.868354 -2.011947
5.463987 6.747750
2.339069 0.897631
5.287631 6.620596
11.024801 5.505570
9.587013 6.615971
10.283918 6.362119
-0.031670 1.372410
10.388902 5.346595
-2.449176 -3.176234
9.449069 5.931452
-1.919359 -2.585121
10.362675 6.059061
2.036285 0.988282
-1.684866 -3.114871
10.251154 6.243835
1.583657 1.430402
10.230851 6.259288
0.085338 1.173266
9.477176 6.567730
9.162521 5.483073
-1.826050 -1.715053
0.092860 1.012514
2.077954 1.201422
9.604896 6.571190
4.116674 8.302546
0.990364 1.108367
6.072702 6.827591
5.543222 6.241022
-1.953156 -3.099199
0.593791 0.730365
9.926204 5.860624
9.841567 5.426574
1.212339 1.854556
0.693429 0.069713
-1.809586 -2.951218
9.382482 5.523338
1.488526 1.162557
-1.965215 -3.027925
9.129800 5.819313
0.549013 1.396449
-1.800352 -2.189160
-0.070287 -0.713758
1.012136 0.338890
0.298883 -0.646492
10.404278 5.702234
0.794276 0.113065
0.567889 1.101011
-1.938721 -3.140733
10.227406 6.026500
9.855553 5.962025
10.208743 6.620857
-2.432709 -3.194861
-2.613768 -3.421360
4.609635 7.062807
1.262098 1.697088
6.901570 5.971073
-2.036249 -3.344278
-0.358007 0.633960
-2.150884 -3.085383
9.718200 5.534427
9.777607 5.694276
5.485105 7.531127
-1.702498 -2.979230
-1.816255 -2.826678
10.420672 6.680661
-2.138479 -3.270493
5.180877 6.593723
9.282672 6.501111
-1.726176 -2.464348
4.949152 7.245138
-1.556785 -3.381310
-1.612780 -3.192745
-1.919986 -2.521158
-1.411548 -3.413984
1.434869 1.170049
10.548437 6.215595
10.400614 6.127273
1.146289 0.685537
10.180574 5.952984
9.671462 4.974483
-1.743947 -2.775197
10.116655 5.753523
-1.221550 -3.226153
-1.792884 -3.302609
-1.390739 -2.512383
-2.313385 -2.426581
-1.644760 -3.289655
-2.807995 -3.322506
0.832546 0.314675
-1.723962 -2.844778
10.244868 6.805329
10.439556 6.050069
-0.171740 0.470624
-2.078712 -3.223891
9.736644 5.772162
5.995877 6.875851
6.289978 6.032456
1.233983 1.053384
-2.850027 -2.555168
-2.157422 -3.232218
-1.930502 -3.841209
9.782549 6.551872
0.929338 0.637371
10.023906 5.809850
-2.046347 -2.967711
1.084911 0.818798
10.163394 5.408548
10.121992 5.697363
10.426958 6.417412
-2.554445 -3.228862
10.041648 6.690890
9.754887 6.236048
-2.058832 -3.299399
9.640857 6.558319
1.512928 1.095011
-2.048695 -3.449674
1.309831 0.194093
4.687169 8.179665
5.007483 7.774227
1.003834 0.546655
0.832249 0.110332
-2.422124 -3.661892
-1.806226 -3.608189
10.216925 5.594140
9.845945 6.102951
5.597979 7.184797
5.793229 8.616250
0.962778 0.716343
-2.399153 -2.928848
-2.002358 -3.354134
-1.891825 -3.036964
0.393168 -0.162343
-0.127854 0.325235
-2.307226 -3.052650
5.783042 6.180959
1.935006 0.730352
1.004062 1.153026
-0.502233 0.006780
9.420109 6.603913
-1.996355 -3.784688
-2.357015 -3.391260
9.452020 5.770011
0.940495 0.609134
4.553670 7.880690
0.479978 0.822807
-1.857427 -3.603511
-2.363380 -2.863306
9.662742 5.959923
1.151240 0.420065
0.999130 2.244051
-0.167810 -0.157297
2.213058 0.807054
-1.818760 -2.821372
0.573006 0.512637
-2.044609 -2.753575
1.798958 0.891244
10.436826 5.366241
2.738893 8.354279
0.325575 1.137145
-1.612532 -2.790984
0.257774 0.995123
-2.076314 -2.751871
1.051529 -0.312289
1.040498 1.069658
0.670808 2.064805
0.971125 0.720636
4.727602 6.498940
4.770197 8.666040
-2.678354 -3.014033
4.001199 6.399173
-1.649136 -3.058926
3.933394 7.510963
5.479287 6.591800
0.931074 0.073555
10.535809 5.870172
1.125899 1.227552
10.289530 5.027291
5.629221 6.305330
0.868805 1.191382
-2.237276 -2.659917
10.229731 6.270252
10.096667 5.597238
10.795876 5.830367
10.373654 6.125374
-1.583572 -3.464123
0.589357 1.463147
1.636945 0.552742
10.557499 5.335041
-2.639592 -3.331050
-1.432056 -3.252900
10.281105 6.080132
-1.371717 -3.750811
9.156554 5.692929
0.756527 1.688764
10.380925 5.722905
9.487624 5.774975
9.444319 6.239013
10.139793 6.510483
9.978126 5.479721
1.093520 0.936983
9.903646 5.686917
9.599207 5.400404
9.514393 5.775276
9.555726 6.517580
9.829642 5.805559
0.932141 1.765356
-0.062032 0.257547
9.408942 5.801114
0.140316 0.923104
5.073535 7.952960
5.334453 7.979802
10.966119 6.527955
-2.347817 -2.651247
-2.292563 -3.077820
-2.255909 -2.835213
10.028828 5.709589
-1.506842 -2.563507
10.430637 5.989992
10.243639 6.485391
9.583393 5.961661
4.941861 7.460979
9.748082 5.506150
5.373453 7.158653
-2.662006 -3.269562
1.475755 1.759135
4.458118 6.344528
9.790390 6.585551
10.170045 6.525650
10.808971 5.788715
-1.751158 -2.903060
0.330021 0.292444
1.886428 1.439387
3.030770 7.021581
10.276908 5.919108
-1.699635 -3.056685
0.707772 0.654199
-2.128128 -2.730967
0.874521 0.860096
-1.355132 -2.686636
5.497349 7.100533
8.877330 6.599279
-2.237509 -3.319598
0.804510 0.146927
0.193503 1.783731
-1.763390 -3.253249
-1.335187 -2.729213
9.953254 5.215562
11.111072 5.155562
-2.715306 -3.314620
-2.173123 -2.614684
3.919332 8.308259
1.752352 0.449356
-2.148021 -2.677418
1.064056 0.803236
-0.050891 0.265692
11.180733 5.808532
-0.405843 0.166978
1.081077 1.661938
-2.214390 -3.372231
-2.272031 -2.215462
-1.644740 -2.375536
10.317332 6.156539
-0.086261 -0.030162
10.022296 6.554542
9.250519 6.960390
-0.380667 -0.039957
10.274454 4.995789
10.452115 6.082548
0.215660 1.263440
10.205577 5.463104
3.875637 8.839405
5.226456 7.878257
-1.334079 -2.856552
9.570627 5.822989
-0.202519 1.192126
-1.998360 -3.003813
9.419211 6.818368
5.944916 7.552231
10.062269 6.194216
0.416483 0.646634
1.048593 -0.330689
10.390795 4.966056
-2.104801 -2.668661
2.446613 1.313888
-0.100791 -0.122693
-0.205334 0.269708
1.165147 1.514554
-1.566158 -3.219472
1.530927 0.085262
0.399343 -0.178703
10.260787 5.650816
10.002623 6.054072
9.306458 5.914552
9.733962 6.213881
1.074808 0.916704
2.148082 1.675942
-2.219708 -3.438396
5.051901 7.509678
10.347217 5.829683
4.937191 7.071411
9.795433 6.198556
-0.586067 -0.336345
-2.088140 -3.020690
9.583835 6.522226
-0.359949 0.059110
-2.543927 -3.520803
0.348912 0.705010
10.056363 6.447033
10.292596 5.835251
10.035214 5.603703
-1.470587 -2.521925
4.225439 8.024059
10.091766 6.091399
0.217700 0.368816
0.411985 0.781180
-1.636773 -3.843210
0.519644 1.310838
9.724380 6.171295
4.105661 6.642357
5.206824 7.214915
1.239307 1.855222
10.398888 5.678736
-2.395558 -3.411885
9.943092 6.590045
-2.192678 -2.963792
-1.663087 -2.833064
0.773004 -0.090727
1.665185 1.063901
10.166169 5.814313
-1.900564 -2.472644
-1.322402 -2.881777
0.324520 1.563774
-2.380374 -2.303750
4.632548 7.266180
10.280480 6.186100
0.096074 0.714129
4.756184 7.424765
1.275513 1.051753
0.820721 1.419726
1.489544 1.332039
9.384419 6.341681
-0.135991 0.101884
0.729184 0.822463
9.259656 6.507560
9.809657 5.748121
0.380973 0.435785
6.151520 7.128002
9.717654 5.434313
-1.403719 -3.465426
0.622606 1.193842
-1.863896 -3.055231
-0.166888 -0.103536
0.011727 0.072284
9.759935 6.065603
-1.350663 -2.994694
-1.572264 -3.049123
0.992766 1.113234
10.205825 5.835337
-2.108595 -2.767285
9.877736 6.086529
-1.830678 -2.667679
4.815750 7.353205
5.793984 7.990452
-2.292437 -2.008054
0.657981 -0.255513
0.774115 0.559334
2.167131 0.546250
10.236583 5.793881
5.046984 6.156241
4.891594 7.567067
10.351353 5.848832
0.769312 -0.270885
0.522877 2.346505
4.777828 7.627460
1.074182 0.700039
-1.830468 -3.174937
1.084729 1.117025
-0.445973 -0.192585
6.016002 7.267048
1.421263 2.347502
-1.743548 -3.305382
10.268817 6.126992
4.887069 7.416085
-1.805205 -3.001856
0.372531 0.065457
11.181493 6.536308
-2.084222 -3.486968
10.277478 5.774848
-0.476852 -0.036679
10.218208 5.898569
10.422627 6.012743
-1.987409 -3.075812
-0.277103 -0.026871
10.549068 5.795765
-1.604081 -3.324593
10.060380 6.174678
10.257721 5.875821
9.870992 6.129381
-2.769742 -3.584293
0.759220 0.926733
1.461822 2.051002
10.031157 5.511859
-2.885003 -3.222894
-1.475185 -3.214852
1.090039 1.477487
0.056943 -0.197124
1.395048 0.150221
10.039450 6.380663
1.216372 1.659068
10.273775 6.332862
0.231073 1.361674
-1.743510 -3.049670
9.749364 5.870079
10.095393 5.968303
9.747264 6.462730
-1.917685 -3.272054
9.987568 4.945046
-2.071673 -2.800172
-2.381967 -3.230009
-1.828778 -3.169943
5.204168 6.553555
9.845009 6.581524
-2.386655 -2.923023
4.936940 6.788365
9.687515 5.617886
9.669419 6.593362
9.721656 5.944057
10.430810 5.844247
1.557917 0.914418
-0.557171 -0.409183
10.044124 5.619195
10.255304 5.306137
1.188897 0.669546
0.491940 0.835595
1.872860 0.443446
-1.548026 -3.301113
10.074691 5.726332
4.994706 8.164113
-2.380204 -2.817930
0.460909 0.501882
-2.306900 -2.849792
0.756456 0.906848
10.714714 6.226117
0.113387 -0.350958
9.516221 5.990522
0.370030 1.485424
-1.761689 -2.939015
10.143108 6.020419
-0.271307 0.085880
1.000267 0.245719
5.468389 7.285589
9.907566 6.238603
0.472155 1.622221
-2.156512 -2.720292
1.377178 1.013221
-2.407683 -2.680760
-2.344634 -2.652852
0.343975 0.755041
4.329967 6.528333
0.523596 0.965327
9.774925 5.355810
1.212670 1.402052
9.745733 5.677050
-1.907343 -2.518338
-2.494816 -3.042604
-2.335850 -2.688671
10.159907 5.819004
-1.651381 -1.882905
4.789124 6.604626
0.427571 -0.274574
0.177869 0.211641
1.185487 0.451722
-2.315773 -3.125732
0.397759 -0.557992
8.993327 6.395888
-2.525943 -3.261166
0.447526 1.246445
0.635426 1.311872
-0.175861 0.194965
3.810528 8.018774
-2.137599 -2.941418
10.503567 6.216242
1.214277 0.339226
-2.493548 -2.729846
9.526348 5.791031
1.369182 0.424874
0.812913 1.130640
10.002174 6.244975
9.765091 7.064664
-2.168546 -2.651133
-1.437351 -2.638488
9.987212 5.772175
0.033690 0.461834
9.970008 6.231996
-0.147990 0.685322
-2.419377 -3.259241
9.875131 6.323602
-1.632611 -3.137380
9.782177 5.118991
0.604334 1.161740
9.915449 6.489338
10.275393 5.975393
9.694299 6.467938
-2.764191 -2.836987
-2.075033 -2.237522
-2.312535 -2.447180
-2.151685 -3.252978
9.497036 5.712355
0.543284 1.444963
-1.607704 -2.428892
5.614197 8.149421
9.986842 6.370532
-1.834842 -3.058472
6.304558 7.915789
-2.559911 -2.741525
10.278281 6.087653
9.870515 5.295399
0.977705 1.236858
-2.133301 -2.671904
-2.198738 -2.497294
1.092013 1.561963
-0.370155 -0.390578
9.775070 5.852272
0.776132 0.409313
0.052014 -0.512541
10.489496 6.256820
0.328942 -0.246404
9.612767 6.273242
-1.650815 -3.444831
10.524163 5.894953
4.980317 7.253063
-1.847881 -2.666570
5.576719 7.328909
-0.291525 -0.106348
1.213244 0.904497
3.873799 6.327808
10.058785 5.667794
0.815702 -0.253811
0.136733 0.263286
-1.722990 -3.449646
1.018196 1.734989
9.903020 5.607321
10.425205 6.257921
2.216294 -0.120058
0.242826 -0.209860
4.724272 7.092801
-1.838311 -2.037187
-2.539603 -3.476229
0.263976 0.236908
9.587231 5.355101
-2.293571 -3.217158
-1.909521 -2.781557
9.900815 6.341653
9.618843 5.707022
-1.852350 -3.263865
-2.027570 -2.833319
6.544044 8.328878
-2.741246 -3.473226
10.129029 6.084782
9.607788 6.016459
1.016637 0.976084
-2.311971 -3.278072
10.042459 6.040725
1.027669 1.029093
9.618004 6.092065
3.478144 7.634267
4.982113 6.642017
0.839755 -0.374189
10.518272 5.919366
3.527657 6.124499
4.552370 7.166093
9.875779 6.336412
10.255058 6.017000
10.149170 5.727256
9.984788 6.204063
0.876918 0.331319
9.997646 5.850269
-2.219662 -3.584308
-0.306315 0.093768
0.932343 -0.470978
9.802774 5.990856
9.974959 6.429835
0.126850 -0.399740
2.181360 0.781618
0.961126 0.767927
9.769137 6.014200
9.743374 6.254756
9.507720 5.321197
5.387964 9.366176
-2.138620 -3.222448
-1.906836 -2.791133
9.562081 6.000689
9.738856 5.762022
5.096587 8.300848
4.693932 6.473889
10.057281 5.831171
10.328279 6.391300
8.766440 6.309565
-1.883282 -2.339291
8.640142 5.896494
0.354167 0.721658
4.641116 7.749007
0.707063 1.358036
-1.134619 -2.329235
9.952097 6.214242
-1.362583 -3.449513
0.396995 0.650405
9.838441 5.927405
9.542135 5.775054
-1.879927 -2.899615
-2.441577 -2.725597
5.771682 6.202690
-1.605854 -3.051027
10.029457 5.680593
0.610080 1.786550
1.841803 -0.262180
-2.445939 -3.059210
1.501345 1.686915
5.379828 6.747185
0.769762 0.293060
-1.799240 -3.131884
1.149951 0.290060
-2.350845 -2.576099
0.647741 1.992339
-1.856051 -2.747720
9.730512 6.284149
1.387320 1.453698
10.452257 5.650293
-2.322727 -3.005967
10.400816 5.817881
0.941707 1.475895
-2.470220 -2.450119
0.011774 -0.648017
9.841146 5.990969
10.001822 5.766550
1.340416 1.251999
-2.146695 -2.794719
10.671078 5.795109
10.199872 6.256388
0.192351 0.351547
9.569931 5.803130
9.439546 6.875485
1.141309 1.806011
0.710356 1.125477
-2.652375 -3.269755
-2.220946 -2.776973
9.997912 6.117295
9.860126 5.913757
-2.010122 -2.780261
1.278384 1.176791
0.890790 0.951491
-0.515924 -0.276522
-0.016903 0.857132
9.687197 5.707625
9.523750 6.864953
-2.208722 -3.468822
10.331947 5.899214
10.219044 5.896464
4.765717 6.516114
9.607217 5.675861
-0.403467 -0.577589
-1.385892 -2.470077
-2.460450 -2.637037
-1.962082 -2.798044
-1.857028 -3.041497
-1.597083 -3.180160
0.766793 0.324306
10.331210 6.566898
0.490535 -0.010934
-1.518320 -2.658583
10.190766 5.609725
-2.631319 -3.126701
1.186174 1.491591
-2.046397 -2.523468
10.445938 6.376425
9.885833 6.042673
-2.482591 -3.705156
10.383965 5.894902
-2.514009 -3.369875
10.085429 5.929200
10.018601 5.440166
-2.245976 -3.153896
-1.763487 -3.157393
10.381717 5.996116
0.871082 1.000420
-1.834063 -2.324959
-2.341695 -3.084976
-2.344545 -2.870978
-0.120832 0.228483
-2.606430 -3.067026
-1.878314 -3.436189
9.818220 6.614748
0.234156 0.017504
1.017737 0.916494
9.426828 5.370011
0.076388 -0.129903
4.988585 7.127662
9.903955 5.617101
-2.320245 -3.341883
-2.456318 -2.888827
-2.343905 -3.164894
4.414651 5.525746
-2.559539 -2.910414
-1.427819 -2.879079
10.269546 6.172544
0.914773 1.578868
9.729542 5.632508
10.151779 6.071444
5.352119 6.421437
0.056278 1.100502
-0.491682 0.710870
0.968356 0.932257
9.889362 6.478759
-1.668688 -2.824669
0.909975 0.394496
9.994848 5.727838
-2.279579 -3.396289
4.608231 7.078299
5.296332 6.523547
-2.109950 -3.522199
10.071259 5.804621
-1.418151 -2.221757
-1.897045 -3.132200
9.667318 5.820836
0.356258 -0.633237
9.851367 6.256874
9.727187 6.283068
10.459254 5.850827
9.769765 5.334951
-2.029917 -2.419641
-1.824020 -2.503508
10.304977 5.934293
0.041533 -0.526051
0.438179 0.913552
-0.356121 0.153879
-1.863023 -2.931486
9.252342 5.839898
1.298155 1.644642
-1.783568 -2.837967
-1.728846 -3.162608
0.796566 1.462199
1.061517 1.066604
0.873212 1.209435
10.487768 5.753837
9.517738 5.793763
10.222809 5.806405
9.981850 5.789180
8.813793 5.723107
10.654068 6.255949
10.172038 5.414955
6.324111 7.395742
9.432893 5.430856
0.136070 1.747685
4.760233 8.160383
-1.698227 -3.033858
5.662572 6.660689
9.572182 6.597695
-1.701724 -2.233670
-1.329052 -3.058517
-1.937382 -3.102282
10.300547 6.043963
0.108060 -0.062142
10.131360 6.349184
4.913903 6.439829
4.101757 6.621759
4.922521 7.396414
-1.876834 -2.188904
9.476759 6.138945
9.430707 6.747852
9.563481 5.617736
9.808831 5.430181
4.996245 7.315204
1.389653 1.698494
-0.196534 1.966741
3.592588 6.687058
-1.777291 -2.941548
10.338595 5.361742
0.663357 0.912975
4.531277 6.137512
-0.073931 -0.620144
-2.356095 -3.062383
9.350649 6.402137
9.412952 5.964610
10.239677 5.937504
0.922749 1.629817
0.921862 0.277474
-1.483154 -3.180378
2.274500 1.283635
5.174713 8.682928
0.457187 0.223328
9.700833 6.470069
10.049458 6.403209
1.187318 0.959256
-1.788338 -3.440987
5.449909 6.897897
-0.609261 -0.102676
-1.804706 -3.074283
9.229751 6.351322
0.184707 0.268117
9.826380 5.298233
9.824871 6.062469
9.890921 6.366448
-1.887513 -3.360965
-1.804770 -3.257081
1.769144 1.239333
10.672595 5.828593
9.693017 6.424782
-0.429303 0.723714
-0.012896 -0.131126
0.989642 1.480852
9.861039 5.775043
-2.333886 -3.439612
9.434394 6.429091
-2.049246 -2.460656
-0.296508 1.493347
2.370666 1.378129
9.723165 5.833340
-1.612170 -3.083298
9.972705 5.849279
9.813609 6.446097
10.256397 6.251244
4.029387 6.542991
-2.063419 -3.674042
10.335970 6.107982
0.198100 0.108397
10.232447 5.730260
10.258882 5.990207
-1.598135 -3.301582
-1.967635 -3.004423
1.216537 0.488384
0.716105 0.805053
3.622379 7.781407
-2.060903 -2.815485
9.908502 6.271363
5.885223 6.881877
-2.599404 -3.034328
0.614803 0.051904
-1.731195 -2.587509
1.061564 0.532243
-1.922721 -3.539167
9.948284 6.534949
1.253405 0.962722
-2.305832 -2.827126
10.020435 5.685530
-1.788373 -2.582514
-1.748516 -2.478927
5.087407 6.474470
-2.141709 -3.594195
6.529107 6.990360
10.376534 6.387504
11.137754 6.243524
6.101111 7.467196
9.669085 6.192073
-2.051439 -3.212512
10.043529 5.953004
-2.180635 -2.488980
0.735176 0.618365
-2.151185 -3.163799
1.236717 1.399796
10.172549 5.791484
-1.994932 -3.261600
-1.997867 -3.561059
10.564667 4.959470
10.878839 5.960156
10.234149 6.319159
-1.508725 -3.592690
-2.492566 -3.155935
5.919649 7.602037
1.618922 1.542840
-1.034759 -3.025789
10.408295 5.817026
0.352289 0.368858
0.467710 0.905336
-2.619888 -3.082006
