<GMM>
<DimNum> 13 </DimNum>
<MixNum> 13 </MixNum>
<Prior> 0.13392 0.0327164 0.0778946 0.0572208 0.105711 0.0440569 0.106362 0.0217984 0.103059 0.0901165 0.0108992 0.134699 0.0815463 </Prior>
<Mean>
-16.3653 54.0518 -19.8962 -0.538786 -5.44698 5.24876 -13.4802 4.41096 15.2099 -28.2506 4.36336 15.6134 -4.39121 
-17.0144 54.2278 -20.3396 -0.365634 -4.56571 5.1278 -14.5866 4.41537 16.3107 -27.8546 3.12392 14.9294 -3.23734 
-13.1771 53.7397 -21.3421 -0.9511 -4.58419 5.87458 -14.0835 3.57182 15.8907 -27.6564 3.99805 15.0383 -4.11437 
-1.17981 51.8236 -26.1531 -2.18324 -2.50525 9.14937 -14.9894 -1.33036 17.2086 -24.254 4.8232 12.1946 -6.41673 
-17.6461 54.0793 -19.1513 -0.275317 -5.96189 4.88665 -13.1084 4.84005 14.8862 -28.6029 4.54932 15.9351 -4.5301 
-6.21251 52.962 -24.4114 -2.0439 -2.9402 7.8713 -14.8947 0.797843 16.5994 -25.5104 4.48363 13.1442 -5.29448 
-11.5444 53.6983 -22.2467 -1.3536 -4.00291 6.47818 -14.416 2.8194 16.0782 -27.0026 4.11227 14.4654 -4.41511 
-29.0478 53.8815 -13.2552 2.78936 -8.96488 1.37325 -11.823 8.19291 14.2696 -30.5527 3.91523 16.9014 -3.81893 
-9.00186 53.3669 -23.2765 -1.68918 -3.48631 7.10263 -14.6634 1.92584 16.3475 -26.3471 4.23627 13.8783 -4.74467 
-19.6751 54.0723 -17.9333 0.212637 -6.77967 4.24435 -12.5656 5.54794 14.4655 -29.1459 4.75584 16.3725 -4.69625 
8.88324 46.7253 -27.485 2.08726 -6.96583 11.0924 -12.7657 -6.36061 21.2389 -24.8902 2.67572 15.719 -9.43405 
-15.1186 53.9991 -20.5859 -0.769578 -4.97589 5.57836 -13.8238 4.00136 15.5233 -27.9106 4.19006 15.2906 -4.27542 
-23.1486 54.0342 -15.879 1.05574 -8.1248 3.18433 -11.6696 6.68284 13.7614 -30.0047 5.10036 17.062 -4.96795 
</Mean>
<Variance>
0.393642 0.00966374 0.0812121 0.0116016 0.02663 0.0280616 0.0107207 0.0519402 0.0131902 0.0226614 0.00347696 0.0163736 0.00761571 
1.56367 0.00966374 1.37166 0.0630655 1.23217 0.160073 1.08606 0.287362 0.94107 0.415458 0.763515 0.559781 0.603844 
1.28042 0.189118 0.126209 0.103565 0.127697 0.173468 0.0432518 0.177094 0.0504543 0.288029 0.0938648 0.191184 0.239295 
5.46078 1.26714 0.607634 0.717838 0.83364 0.604144 0.323043 1.00552 0.268348 0.873214 0.185432 0.692604 0.506903 
0.393642 0.00966374 0.0812121 0.0147887 0.02663 0.0280616 0.0265634 0.0519402 0.0287668 0.0226614 0.0434259 0.0163736 0.0379909 
1.91751 0.129647 0.158736 0.0191041 0.0316222 0.0629865 0.0107207 0.162318 0.025161 0.0747712 0.0090599 0.0565825 0.0363046 
0.419733 0.00966374 0.0812121 0.0116016 0.02663 0.0292952 0.0107207 0.0540788 0.0131902 0.0318759 0.00347696 0.0254727 0.00761571 
3.10716 0.0500502 0.340711 0.0966117 0.0463365 0.115406 0.170395 0.0519402 0.537249 0.0226614 0.366419 0.177072 0.133204 
0.849388 0.0703538 0.0812121 0.0190576 0.0266698 0.0333668 0.0107207 0.0569017 0.0142927 0.0460908 0.00881471 0.0330426 0.024437 
1.07287 0.00966374 0.23477 0.0833968 0.0614281 0.120383 0.0361088 0.111302 0.0423291 0.0308632 0.0824826 0.0163736 0.0694157 
6.09525 1.92506 0.0994876 1.78118 2.03572 0.378633 0.433123 2.23139 1.52796 0.0547767 0.507512 1.44571 0.950395 
0.393642 0.00966374 0.0812121 0.0116016 0.02663 0.0280616 0.0107207 0.0519402 0.0131902 0.0226614 0.00347696 0.0163736 0.00761571 
2.41016 0.0265373 0.627783 0.215724 0.576939 0.270766 0.829843 0.203912 1.00766 0.173107 1.15851 0.438965 0.883401 
</Variance>
</GMM>
