<GMM>
<DimNum> 13 </DimNum>
<MixNum> 13 </MixNum>
<Prior> 0.109483 0.192598 0.0814302 0.0866583 0.0341988 0.0776221 0.0615555 0.060268 0.0147166 0.0734727 0.0504731 0.112315 0.0452078 </Prior>
<Mean>
-13.5448 53.8573 -21.3067 -1.00286 -4.55226 5.93371 -14.0976 3.53217 15.8058 -27.5633 4.0921 14.9682 -4.24815 
-16.5265 54.059 -19.8241 -0.503727 -5.48109 5.20416 -13.4688 4.45939 15.2042 -28.2792 4.35001 15.6302 -4.37531 
-27.2192 54.0058 -14.1258 2.16937 -8.70051 1.99237 -11.7459 7.72671 14.0492 -30.4125 4.34637 17.0237 -4.22704 
-5.85176 52.8942 -24.5415 -2.07224 -2.88954 7.95777 -14.9119 0.660646 16.6345 -25.4184 4.51079 13.0645 -5.35987 
-21.573 54.4181 -17.0377 -0.0261813 -7.68545 4.48561 -11.2956 5.66808 12.7932 -29.6869 6.25886 17.5232 -5.79609 
-0.370226 51.3849 -26.1317 -1.87561 -2.81662 9.08993 -14.7891 -1.45286 17.4061 -24.4258 4.70127 12.4138 -6.41013 
-23.1566 54.0196 -16.0645 1.17893 -7.78664 3.07193 -12.1457 6.7019 14.3091 -29.8345 4.52987 16.7065 -4.48546 
-19.1828 54.0873 -18.2742 0.0883301 -6.52386 4.41177 -12.7564 5.3611 14.6198 -28.9862 4.64994 16.2315 -4.60188 
-46.1273 53.4895 -6.10203 4.78977 -10.9138 2.28402 -8.88585 5.41119 8.86927 -27.9349 7.16615 16.2423 -4.06702 
-33.0858 53.9096 -11.7939 3.41974 -9.3172 1.15135 -11.4291 8.23721 13.4526 -30.5631 4.26579 17.1885 -3.67292 
13.5855 44.1753 -28.0263 4.06671 -8.74232 11.625 -11.8793 -7.90165 22.3214 -25.1934 2.54927 16.255 -10.1623 
-10.39 53.525 -22.6794 -1.47667 -3.8027 6.72312 -14.5087 2.4542 16.2077 -26.7525 4.14673 14.2385 -4.52748 
9.08107 41.493 -21.7285 2.91232 -6.83761 5.77237 -10.5812 -2.72102 19.709 -27.66 5.69758 11.6384 -4.08216 
</Mean>
<Variance>
1.98673 0.233208 0.232791 0.0534129 0.0612125 0.080336 0.0401855 0.193354 0.0592685 0.0411763 0.0141347 0.0377712 0.0232648 
1.98673 0.233208 0.232791 0.0534129 0.0612125 0.080336 0.0401855 0.193354 0.0592685 0.0395796 0.0193692 0.0377712 0.0232648 
1.98673 0.233208 0.232791 0.0892707 0.0612125 0.0964414 0.0401855 0.193354 0.0592685 0.0395796 0.0261216 0.0377712 0.0254872 
2.10953 0.233208 0.232791 0.0534129 0.0612125 0.0901631 0.0401855 0.214894 0.0592685 0.11042 0.0145963 0.0810131 0.0586495 
1.98673 0.233208 0.464927 0.368932 0.156628 0.554035 0.14069 0.320567 0.483475 0.0576348 0.523936 0.163352 0.265416 
7.48948 1.1938 0.232791 0.332581 0.279071 0.115677 0.127459 0.759601 0.322387 0.0430593 0.0377674 0.0821669 0.175085 
1.98673 0.233208 0.372154 0.122846 0.117933 0.177253 0.102236 0.193354 0.22182 0.0491342 0.186818 0.0961759 0.0853816 
1.98673 0.233208 0.232791 0.0608039 0.0822292 0.0906159 0.0591258 0.193354 0.0592685 0.0395796 0.0812161 0.0377712 0.0690656 
33.9676 0.233208 8.73538 0.185232 2.71237 0.396906 3.32827 1.85477 3.99866 4.92157 1.66146 3.09357 0.815856 
6.60117 0.233208 0.881061 0.201718 0.0612125 0.080336 0.0487536 0.193354 0.346544 0.0395796 0.0807394 0.0377712 0.0239914 
14.7771 4.24037 0.232791 1.90736 1.06073 0.080336 0.276074 0.5212 0.223937 0.0447775 0.562251 0.611768 0.146418 
2.14961 0.233208 0.25576 0.0534129 0.0612125 0.0845662 0.0401855 0.193354 0.0592685 0.0923953 0.0141347 0.0742839 0.0255775 
998.596 273.132 39.6086 28.164 23.189 28.9506 42.0951 85.4241 15.1675 8.24441 17.6522 20.3662 7.05565 
</Variance>
</GMM>
