<GMM>
<DimNum> 13 </DimNum>
<MixNum> 13 </MixNum>
<Prior> 1 0 0 0 0 0 0 0 0 0 0 0 0 </Prior>
<Mean>
-16.3141 54.0512 -19.929 -0.549026 -5.42215 5.2633 -13.5 4.39311 15.2278 -28.2344 4.35077 15.5973 -4.38096 
-16.3141 54.0512 -19.929 -0.549026 -5.42215 5.2633 -13.5 4.39311 15.2278 -28.2344 4.35077 15.5973 -4.38096 
-16.3141 54.0512 -19.929 -0.549026 -5.42215 5.2633 -13.5 4.39311 15.2278 -28.2344 4.35077 15.5973 -4.38096 
-16.3141 54.0512 -19.929 -0.549026 -5.42215 5.2633 -13.5 4.39311 15.2278 -28.2344 4.35077 15.5973 -4.38096 
-16.3141 54.0512 -19.929 -0.549026 -5.42215 5.2633 -13.5 4.39311 15.2278 -28.2344 4.35077 15.5973 -4.38096 
-16.3141 54.0512 -19.929 -0.549026 -5.42215 5.2633 -13.5 4.39311 15.2278 -28.2344 4.35077 15.5973 -4.38096 
-16.3141 54.0512 -19.929 -0.549026 -5.42215 5.2633 -13.5 4.39311 15.2278 -28.2344 4.35077 15.5973 -4.38096 
-16.3141 54.0512 -19.929 -0.549026 -5.42215 5.2633 -13.5 4.39311 15.2278 -28.2344 4.35077 15.5973 -4.38096 
-16.3141 54.0512 -19.929 -0.549026 -5.42215 5.2633 -13.5 4.39311 15.2278 -28.2344 4.35077 15.5973 -4.38096 
-16.3141 54.0512 -19.929 -0.549026 -5.42215 5.2633 -13.5 4.39311 15.2278 -28.2344 4.35077 15.5973 -4.38096 
-16.3141 54.0512 -19.929 -0.549026 -5.42215 5.2633 -13.5 4.39311 15.2278 -28.2344 4.35077 15.5973 -4.38096 
-16.3141 54.0512 -19.929 -0.549026 -5.42215 5.2633 -13.5 4.39311 15.2278 -28.2344 4.35077 15.5973 -4.38096 
-16.3141 54.0512 -19.929 -0.549026 -5.42215 5.2633 -13.5 4.39311 15.2278 -28.2344 4.35077 15.5973 -4.38096 
</Mean>
<Variance>
1e-010 1e-010 1e-010 1e-010 1e-010 1e-010 1e-010 1e-010 1e-010 1e-010 1e-010 1e-010 1e-010 
1e-010 1e-010 1e-010 1e-010 1e-010 1e-010 1e-010 1e-010 1e-010 1e-010 1e-010 1e-010 1e-010 
1e-010 1e-010 1e-010 1e-010 1e-010 1e-010 1e-010 1e-010 1e-010 1e-010 1e-010 1e-010 1e-010 
1e-010 1e-010 1e-010 1e-010 1e-010 1e-010 1e-010 1e-010 1e-010 1e-010 1e-010 1e-010 1e-010 
1e-010 1e-010 1e-010 1e-010 1e-010 1e-010 1e-010 1e-010 1e-010 1e-010 1e-010 1e-010 1e-010 
1e-010 1e-010 1e-010 1e-010 1e-010 1e-010 1e-010 1e-010 1e-010 1e-010 1e-010 1e-010 1e-010 
1e-010 1e-010 1e-010 1e-010 1e-010 1e-010 1e-010 1e-010 1e-010 1e-010 1e-010 1e-010 1e-010 
1e-010 1e-010 1e-010 1e-010 1e-010 1e-010 1e-010 1e-010 1e-010 1e-010 1e-010 1e-010 1e-010 
1e-010 1e-010 1e-010 1e-010 1e-010 1e-010 1e-010 1e-010 1e-010 1e-010 1e-010 1e-010 1e-010 
1e-010 1e-010 1e-010 1e-010 1e-010 1e-010 1e-010 1e-010 1e-010 1e-010 1e-010 1e-010 1e-010 
1e-010 1e-010 1e-010 1e-010 1e-010 1e-010 1e-010 1e-010 1e-010 1e-010 1e-010 1e-010 1e-010 
1e-010 1e-010 1e-010 1e-010 1e-010 1e-010 1e-010 1e-010 1e-010 1e-010 1e-010 1e-010 1e-010 
1e-010 1e-010 1e-010 1e-010 1e-010 1e-010 1e-010 1e-010 1e-010 1e-010 1e-010 1e-010 1e-010 
</Variance>
</GMM>
