<GMM>
<DimNum> 13 </DimNum>
<MixNum> 13 </MixNum>
<Prior> 0.00606061 0.239619 0.0553765 0.0866643 0.138729 0.0490953 0.0298969 0.0494013 0.0231786 0.0360358 0.0615767 0.168371 0.0559948 </Prior>
<Mean>
-13.0477 53.846 -21.5829 -1.11659 -4.37042 6.09459 -14.2136 3.33634 15.8892 -27.3961 4.08298 14.8189 -4.27837 
317.225 -35.9975 -0.902386 -4.73828 -1.87619 -3.17134 -0.854576 -2.21499 -1.75007 -1.12175 -0.0285762 1.51086 1.49706 
317.225 -35.9975 -0.902386 -4.73828 -1.87619 -3.17134 -0.854576 -2.21499 -1.75007 -1.12175 -0.0285762 1.51086 1.49706 
317.225 -35.9975 -0.902386 -4.73828 -1.87619 -3.17134 -0.854576 -2.21499 -1.75007 -1.12175 -0.0285762 1.51086 1.49706 
301.626 -35.9951 -0.901596 -4.73772 -1.87596 -3.17105 -0.854509 -2.21492 -1.74972 -1.12247 -0.0284014 1.51123 1.49703 
242.286 -35.9371 -0.882801 -4.72386 -1.87064 -3.16368 -0.853208 -2.21297 -1.74125 -1.13957 -0.0244319 1.52065 1.49601 
260.596 -35.9713 -0.893841 -4.73203 -1.87375 -3.16803 -0.853952 -2.21413 -1.74624 -1.12949 -0.0267598 1.51508 1.49662 
317.225 -35.9975 -0.902386 -4.73828 -1.87619 -3.17134 -0.854576 -2.21499 -1.75007 -1.12175 -0.0285762 1.51086 1.49706 
317.225 -35.9975 -0.902386 -4.73828 -1.87619 -3.17134 -0.854576 -2.21499 -1.75007 -1.12175 -0.0285762 1.51086 1.49706 
156.303 -33.513 -0.348403 -4.26171 -1.75213 -2.91569 -0.851078 -2.2056 -1.26577 -1.97083 0.183706 1.92507 1.44196 
317.225 -35.9975 -0.902386 -4.73828 -1.87619 -3.17134 -0.854576 -2.21499 -1.75007 -1.12175 -0.0285762 1.51086 1.49706 
216.951 -35.8149 -0.844005 -4.695 -1.85992 -3.14834 -0.850786 -2.20895 -1.72325 -1.17584 -0.0160694 1.54068 1.49377 
182.633 -35.2721 -0.681303 -4.57244 -1.81737 -3.08319 -0.843077 -2.19342 -1.63957 -1.34145 0.0223219 1.63094 1.4836 
</Mean>
<Variance>
31.6144 0.488102 0.0260168 0.000893245 0.00038521 0.00518548 0.0107533 0.00185646 0.0188537 0.0418885 0.00104383 0.0107251 0.00200908 
31.6144 0.488102 0.0260168 0.000893245 0.00038521 0.00518548 0.0107533 0.00185646 0.0188537 0.0418885 0.00104383 0.0107251 0.00200908 
31.6144 0.488102 0.0260168 0.000893245 0.00038521 0.00518548 0.0107533 0.00185646 0.0188537 0.0418885 0.00104383 0.0107251 0.00200908 
31.6144 0.488102 0.0260168 0.000893245 0.00038521 0.00518548 0.0107533 0.00185646 0.0188537 0.0418885 0.00104383 0.0107251 0.00200908 
31.6144 0.488102 0.0260168 0.000893245 0.00038521 0.00518548 0.0107533 0.00185646 0.0188537 0.0418885 0.00104383 0.0107251 0.00200908 
76.7368 0.488102 0.0260168 0.000893245 0.00038521 0.00518548 0.0107533 0.00185646 0.0188537 0.0418885 0.00104383 0.0107251 0.00200908 
51.2631 0.488102 0.0260168 0.000893245 0.00038521 0.00518548 0.0107533 0.00185646 0.0188537 0.0418885 0.00104383 0.0107251 0.00200908 
31.6144 0.488102 0.0260168 0.000893245 0.00038521 0.00518548 0.0107533 0.00185646 0.0188537 0.0418885 0.00104383 0.0107251 0.00200908 
31.6144 0.488102 0.0260168 0.000893245 0.00038521 0.00518548 0.0107533 0.00185646 0.0188537 0.0418885 0.00104383 0.0107251 0.00200908 
184.353 3.67095 0.0464007 0.0784837 0.000588522 0.0236323 0.0107533 0.00435222 0.242012 0.571443 0.0428738 0.0991205 0.00281835 
31.6144 0.488102 0.0260168 0.000893245 0.00038521 0.00518548 0.0107533 0.00185646 0.0188537 0.0418885 0.00104383 0.0107251 0.00200908 
103.533 0.488102 0.0260168 0.000893245 0.00038521 0.00518548 0.0107533 0.00185646 0.0188537 0.0418885 0.00104383 0.0107251 0.00200908 
42.0229 0.488102 0.0260168 0.00181823 0.00038521 0.00518548 0.0107533 0.00185646 0.0188537 0.0418885 0.00104383 0.0107251 0.00200908 
</Variance>
</GMM>
