<GMM>
<DimNum> 13 </DimNum>
<MixNum> 13 </MixNum>
<Prior> 0.00584795 0.04718 0.0473458 0.0769095 0.0233873 0.0531686 0.168107 0.0681514 0.253079 0.0219066 0.0762658 0.135722 0.0229287 </Prior>
<Mean>
-13.0511 53.8463 -21.5814 -1.11605 -4.3713 6.09374 -14.2131 3.33746 15.8887 -27.397 4.08301 14.8197 -4.27819 
317.392 -35.9975 -0.902395 -4.73829 -1.87619 -3.17134 -0.854577 -2.215 -1.75008 -1.12174 -0.0285783 1.51085 1.49706 
317.392 -35.9975 -0.902395 -4.73829 -1.87619 -3.17134 -0.854577 -2.215 -1.75008 -1.12174 -0.0285783 1.51085 1.49706 
317.392 -35.9975 -0.902395 -4.73829 -1.87619 -3.17134 -0.854577 -2.215 -1.75008 -1.12174 -0.0285783 1.51085 1.49706 
173.367 -34.9011 -0.581022 -4.49478 -1.79364 -3.04188 -0.840927 -2.18561 -1.57764 -1.45993 0.0501572 1.69383 1.47635 
317.392 -35.9975 -0.902395 -4.73829 -1.87619 -3.17134 -0.854577 -2.215 -1.75008 -1.12174 -0.0285783 1.51085 1.49706 
218.147 -35.8231 -0.846611 -4.69695 -1.86063 -3.14937 -0.850942 -2.20922 -1.72448 -1.17337 -0.0166392 1.53932 1.49393 
301.316 -35.995 -0.901577 -4.73771 -1.87595 -3.17104 -0.854508 -2.21492 -1.74971 -1.12248 -0.0283972 1.51124 1.49702 
317.392 -35.9975 -0.902395 -4.73829 -1.87619 -3.17134 -0.854577 -2.215 -1.75008 -1.12174 -0.0285783 1.51085 1.49706 
317.392 -35.9975 -0.902395 -4.73829 -1.87619 -3.17134 -0.854577 -2.215 -1.75008 -1.12174 -0.0285783 1.51085 1.49706 
317.392 -35.9975 -0.902395 -4.73829 -1.87619 -3.17134 -0.854577 -2.215 -1.75008 -1.12174 -0.0285783 1.51085 1.49706 
256.123 -35.9626 -0.891037 -4.72995 -1.87296 -3.16693 -0.853763 -2.21384 -1.74497 -1.13205 -0.0261691 1.5165 1.49647 
317.392 -35.9975 -0.902395 -4.73829 -1.87619 -3.17134 -0.854577 -2.215 -1.75008 -1.12174 -0.0285783 1.51085 1.49706 
</Mean>
<Variance>
23.6181 0.468995 0.0249352 0.000773944 0.00036538 0.00498748 0.0103764 0.00179144 0.0180779 0.0401146 0.000982576 0.0102918 0.00193848 
23.6181 0.468995 0.0249352 0.000773944 0.00036538 0.00498748 0.0103764 0.00179144 0.0180779 0.0401146 0.000982576 0.0102918 0.00193848 
23.6181 0.468995 0.0249352 0.000773944 0.00036538 0.00498748 0.0103764 0.00179144 0.0180779 0.0401146 0.000982576 0.0102918 0.00193848 
23.6181 0.468995 0.0249352 0.000773944 0.00036538 0.00498748 0.0103764 0.00179144 0.0180779 0.0401146 0.000982576 0.0102918 0.00193848 
83.5044 0.468995 0.0249352 0.00637181 0.000588586 0.00498748 0.0103764 0.00179144 0.0180779 0.0401146 0.000982576 0.0102918 0.00193848 
23.6181 0.468995 0.0249352 0.000773944 0.00036538 0.00498748 0.0103764 0.00179144 0.0180779 0.0401146 0.000982576 0.0102918 0.00193848 
108.914 0.468995 0.0249352 0.000773944 0.00036538 0.00498748 0.0103764 0.00179144 0.0180779 0.0401146 0.000982576 0.0102918 0.00193848 
23.6181 0.468995 0.0249352 0.000773944 0.00036538 0.00498748 0.0103764 0.00179144 0.0180779 0.0401146 0.000982576 0.0102918 0.00193848 
23.6181 0.468995 0.0249352 0.000773944 0.00036538 0.00498748 0.0103764 0.00179144 0.0180779 0.0401146 0.000982576 0.0102918 0.00193848 
23.6181 0.468995 0.0249352 0.000773944 0.00036538 0.00498748 0.0103764 0.00179144 0.0180779 0.0401146 0.000982576 0.0102918 0.00193848 
23.6181 0.468995 0.0249352 0.000773944 0.00036538 0.00498748 0.0103764 0.00179144 0.0180779 0.0401146 0.000982576 0.0102918 0.00193848 
144.173 0.468995 0.0249352 0.000773944 0.00036538 0.00498748 0.0103764 0.00179144 0.0180779 0.0401146 0.000982576 0.0102918 0.00193848 
23.6181 0.468995 0.0249352 0.000773944 0.00036538 0.00498748 0.0103764 0.00179144 0.0180779 0.0401146 0.000982576 0.0102918 0.00193848 
</Variance>
</GMM>
