<GMM>
<DimNum> 13 </DimNum>
<MixNum> 13 </MixNum>
<Prior> 0.0319026 0.0623449 0.234712 0.0199056 0.115573 0.0850427 0.00299214 0.012909 0.00737916 0.213192 0.0636231 0.0660948 0.0843289 </Prior>
<Mean>
-27.8268 53.925 -14.4228 1.25066 -7.8424 3.9162 -11.3562 4.95546 12.8665 -27.7018 5.19881 15.2874 -4.557 
-1440.33 35.9992 0.904189 4.73796 1.87739 3.17071 0.855607 2.2141 1.75145 1.11998 0.0297723 -1.51147 -1.49605 
-1440.35 35.9992 0.904189 4.73796 1.87739 3.17071 0.855607 2.2141 1.75145 1.11998 0.0297723 -1.51147 -1.49605 
1446.74 -35.9991 -0.904194 -4.73795 -1.87739 -3.1707 -0.855613 -2.2141 -1.75145 -1.11997 -0.0297781 1.51147 1.49604 
-1440.36 35.9992 0.904189 4.73796 1.87739 3.17071 0.855607 2.2141 1.75145 1.11998 0.0297723 -1.51147 -1.49605 
1446.74 -35.9991 -0.904194 -4.73795 -1.87739 -3.1707 -0.855613 -2.2141 -1.75145 -1.11997 -0.0297781 1.51147 1.49604 
-898.906 35.9996 0.90373 4.73842 1.87693 3.17118 0.855138 2.21458 1.75097 1.12046 0.0292806 -1.51097 -1.49656 
-408.919 36.2751 1.01027 4.81723 1.91319 3.21433 0.868069 2.22933 1.78492 1.04951 0.0451075 -1.46925 -1.5024 
-1440.23 35.9992 0.904189 4.73796 1.87739 3.17071 0.855607 2.2141 1.75145 1.11998 0.0297722 -1.51147 -1.49605 
-1440.35 35.9992 0.904189 4.73796 1.87739 3.17071 0.855607 2.2141 1.75145 1.11998 0.0297723 -1.51147 -1.49605 
1446.74 -35.9991 -0.904194 -4.73795 -1.87739 -3.1707 -0.855613 -2.2141 -1.75145 -1.11997 -0.0297781 1.51147 1.49604 
-1440.36 35.9992 0.904189 4.73796 1.87739 3.17071 0.855607 2.2141 1.75145 1.11998 0.0297723 -1.51147 -1.49605 
1446.74 -35.9991 -0.904194 -4.73795 -1.87739 -3.1707 -0.855613 -2.2141 -1.75145 -1.11997 -0.0297781 1.51147 1.49604 
</Mean>
<Variance>
15648 10.1032 57.831 5.18841 12.1533 4.63669 9.09241 5.99125 15.5416 11.9099 3.19442 4.18781 1.63376 
15648 10.1032 0.0927488 0.169794 0.0538174 0.0784139 0.0511225 0.0432451 0.0725868 0.259399 0.00932727 0.0975527 0.0218092 
15648 10.1032 0.0927488 0.169794 0.0538174 0.0784139 0.0511225 0.0432451 0.0725868 0.259399 0.00932727 0.0975527 0.0218092 
15648 10.1032 0.0927488 0.169794 0.0538174 0.0784139 0.0511225 0.0432451 0.0725868 0.259399 0.00932727 0.0975527 0.0218092 
15648 10.1032 0.0927488 0.169794 0.0538174 0.0784139 0.0511225 0.0432451 0.0725868 0.259399 0.00932727 0.0975527 0.0218092 
15648 10.1032 0.0927488 0.169794 0.0538174 0.0784139 0.0511225 0.0432451 0.0725868 0.259399 0.00932727 0.0975527 0.0218092 
18383.9 10.1032 0.0927488 0.169794 0.0538174 0.0784139 0.0511225 0.0432451 0.0725868 0.259399 0.00932727 0.0975527 0.0218092 
29056.6 10.1032 0.0943558 0.169794 0.0538174 0.0784139 0.0511225 0.0432451 0.0725868 0.259399 0.00932727 0.0975527 0.0218092 
15648 10.1032 0.0927488 0.169794 0.0538174 0.0784139 0.0511225 0.0432451 0.0725868 0.259399 0.00932727 0.0975527 0.0218092 
15648 10.1032 0.0927488 0.169794 0.0538174 0.0784139 0.0511225 0.0432451 0.0725868 0.259399 0.00932727 0.0975527 0.0218092 
15648 10.1032 0.0927488 0.169794 0.0538174 0.0784139 0.0511225 0.0432451 0.0725868 0.259399 0.00932727 0.0975527 0.0218092 
15648 10.1032 0.0927488 0.169794 0.0538174 0.0784139 0.0511225 0.0432451 0.0725868 0.259399 0.00932727 0.0975527 0.0218092 
15648 10.1032 0.0927488 0.169794 0.0538174 0.0784139 0.0511225 0.0432451 0.0725868 0.259399 0.00932727 0.0975527 0.0218092 
</Variance>
</GMM>
